4 0.5765625000 0.2453703704 0.0151041667 0.0259259259
3 0.5945312500 0.2560185185 0.0156250000 0.0194444444
3 0.5916666667 0.2675925926 0.0161458333 0.0203703704
4 0.5966145833 0.2819444444 0.0156250000 0.0231481481
4 0.6335937500 0.3185185185 0.0171875000 0.0287037037
1 0.5747395833 0.3569444444 0.0177083333 0.0296296296
4 0.6033854167 0.4449074074 0.0208333333 0.0324074074
0 0.5536458333 0.4416666667 0.0192708333 0.0296296296
3 0.4466145833 0.5782407407 0.0213541667 0.0351851852
3 0.4239583333 0.5601851852 0.0223958333 0.0351851852
4 0.3997395833 0.5550925926 0.0218750000 0.0351851852
3 0.4000000000 0.6425925926 0.0234375000 0.0388888889
4 0.3476562500 0.5675925926 0.0223958333 0.0351851852
2 0.2565104167 0.6375000000 0.0083333333 0.0129629630
2 0.3664062500 0.6754629630 0.0083333333 0.0129629630
2 0.4846354167 0.7171296296 0.0083333333 0.0129629630
2 0.6968750000 0.6578703704 0.0067708333 0.0111111111
2 0.7361979167 0.5814814815 0.0067708333 0.0111111111
2 0.7697916667 0.5129629630 0.0067708333 0.0111111111
2 0.2197916667 0.5115740741 0.0067708333 0.0111111111
2 0.2820312500 0.4527777778 0.0067708333 0.0111111111
2 0.3369791667 0.4004629630 0.0067708333 0.0111111111
2 0.4299479167 0.3125000000 0.0052083333 0.0083333333
2 0.4705729167 0.2754629630 0.0052083333 0.0083333333
2 0.5065104167 0.2402777778 0.0052083333 0.0083333333
2 0.8705729167 0.3134259259 0.0062500000 0.0101851852
2 0.8492187500 0.3560185185 0.0062500000 0.0101851852
2 0.8260416667 0.4023148148 0.0062500000 0.0101851852
2 0.7908854167 0.2472222222 0.0057291667 0.0092592593
2 0.7122395833 0.2333333333 0.0057291667 0.0092592593
2 0.6364583333 0.2185185185 0.0057291667 0.0092592593
