4 0.7570312500 0.2625000000 0.0156250000 0.0259259259
1 0.5658854167 0.3638888889 0.0182291667 0.0296296296
3 0.6557291667 0.3777777778 0.0171875000 0.0268518519
4 0.5690104167 0.2990740741 0.0171875000 0.0268518519
4 0.5013020833 0.3421296296 0.0171875000 0.0277777778
4 0.7041666667 0.5078703704 0.0213541667 0.0342592593
0 0.4901041667 0.5263888889 0.0197916667 0.0324074074
3 0.5401041667 0.6023148148 0.0218750000 0.0361111111
4 0.5059895833 0.6199074074 0.0229166667 0.0370370370
4 0.4268229167 0.5476851852 0.0223958333 0.0361111111
2 0.2565104167 0.6370370370 0.0078125000 0.0129629630
2 0.3664062500 0.6745370370 0.0078125000 0.0129629630
2 0.4838541667 0.7152777778 0.0078125000 0.0129629630
2 0.6968750000 0.6574074074 0.0088541667 0.0148148148
2 0.7367187500 0.5814814815 0.0088541667 0.0148148148
2 0.7703125000 0.5129629630 0.0088541667 0.0148148148
2 0.2190104167 0.5106481481 0.0072916667 0.0120370370
2 0.2817708333 0.4518518519 0.0072916667 0.0120370370
2 0.3369791667 0.4000000000 0.0072916667 0.0120370370
2 0.4302083333 0.3120370370 0.0062500000 0.0101851852
2 0.4708333333 0.2736111111 0.0062500000 0.0101851852
2 0.5075520833 0.2393518519 0.0062500000 0.0101851852
2 0.8260416667 0.4018518519 0.0067708333 0.0111111111
2 0.8489583333 0.3546296296 0.0067708333 0.0111111111
2 0.8703125000 0.3129629630 0.0067708333 0.0111111111
2 0.6359375000 0.2175925926 0.0046875000 0.0074074074
2 0.7119791667 0.2324074074 0.0046875000 0.0074074074
2 0.7911458333 0.2476851852 0.0052083333 0.0083333333
