4 0.7213541667 0.4759259259 0.0208333333 0.0333333333
4 0.6541666667 0.3750000000 0.0192708333 0.0305555556
4 0.6236979167 0.3212962963 0.0161458333 0.0240740741
0 0.5885416667 0.4078703704 0.0177083333 0.0287037037
4 0.4937500000 0.3740740741 0.0177083333 0.0296296296
4 0.5283854167 0.4523148148 0.0203125000 0.0333333333
3 0.5437500000 0.6041666667 0.0229166667 0.0388888889
4 0.4822916667 0.5291666667 0.0218750000 0.0351851852
1 0.4729166667 0.6314814815 0.0234375000 0.0370370370
3 0.4466145833 0.5430555556 0.0203125000 0.0333333333
4 0.3976562500 0.5944444444 0.0223958333 0.0379629630
3 0.4377604167 0.3842592593 0.0182291667 0.0296296296
3 0.2802083333 0.6143518519 0.0234375000 0.0259259259
2 0.2567708333 0.6365740741 0.0072916667 0.0111111111
2 0.3666666667 0.6745370370 0.0072916667 0.0111111111
2 0.4843750000 0.7148148148 0.0072916667 0.0111111111
2 0.6973958333 0.6569444444 0.0072916667 0.0120370370
2 0.7364583333 0.5805555556 0.0072916667 0.0120370370
2 0.7703125000 0.5138888889 0.0072916667 0.0120370370
2 0.8257812500 0.4023148148 0.0062500000 0.0101851852
2 0.8492187500 0.3555555556 0.0062500000 0.0101851852
2 0.8703125000 0.3138888889 0.0062500000 0.0101851852
2 0.2195312500 0.5106481481 0.0062500000 0.0101851852
2 0.2817708333 0.4523148148 0.0062500000 0.0101851852
2 0.3372395833 0.4000000000 0.0062500000 0.0101851852
2 0.4302083333 0.3120370370 0.0062500000 0.0101851852
2 0.4708333333 0.2745370370 0.0062500000 0.0101851852
2 0.5072916667 0.2402777778 0.0062500000 0.0101851852
2 0.6359375000 0.2185185185 0.0041666667 0.0064814815
2 0.7122395833 0.2337962963 0.0041666667 0.0064814815
2 0.7911458333 0.2481481481 0.0041666667 0.0064814815
