4 0.5015625000 0.7212962963 0.0156250000 0.0250000000
3 0.3880208333 0.4921296296 0.0151041667 0.0240740741
3 0.2687500000 0.4796296296 0.0140625000 0.0212962963
0 0.3734375000 0.2527777778 0.0145833333 0.0231481481
4 0.3145833333 0.3768518519 0.0166666667 0.0259259259
1 0.1958333333 0.6768518519 0.0161458333 0.0259259259
3 0.1981770833 0.3476851852 0.0166666667 0.0250000000
2 0.1385416667 0.6412037037 0.0067708333 0.0101851852
2 0.1377604167 0.5046296296 0.0067708333 0.0101851852
2 0.1382812500 0.3694444444 0.0067708333 0.0101851852
2 0.8648437500 0.6416666667 0.0062500000 0.0101851852
2 0.8658854167 0.5060185185 0.0062500000 0.0101851852
2 0.8656250000 0.3703703704 0.0062500000 0.0101851852
2 0.2486979167 0.8148148148 0.0078125000 0.0129629630
2 0.3333333333 0.8152777778 0.0078125000 0.0129629630
2 0.4177083333 0.8152777778 0.0078125000 0.0129629630
2 0.5869791667 0.8157407407 0.0078125000 0.0120370370
2 0.6710937500 0.8148148148 0.0078125000 0.0120370370
2 0.7562500000 0.8143518519 0.0078125000 0.0120370370
2 0.2468750000 0.1962962963 0.0062500000 0.0101851852
2 0.3320312500 0.1958333333 0.0062500000 0.0101851852
2 0.4174479167 0.1944444444 0.0062500000 0.0101851852
2 0.5872395833 0.1939814815 0.0057291667 0.0092592593
2 0.6729166667 0.1949074074 0.0057291667 0.0092592593
2 0.7580729167 0.1962962963 0.0057291667 0.0092592593
