1 0.7122395833 0.2638888889 0.0192708333 0.0324074074
3 0.6739583333 0.3921296296 0.0208333333 0.0333333333
4 0.7356770833 0.4967592593 0.0218750000 0.0351851852
4 0.6510416667 0.4472222222 0.0223958333 0.0351851852
3 0.5497395833 0.4023148148 0.0203125000 0.0333333333
3 0.5028645833 0.4092592593 0.0203125000 0.0324074074
4 0.5057291667 0.3685185185 0.0203125000 0.0351851852
4 0.3244791667 0.3185185185 0.0197916667 0.0333333333
3 0.7119791667 0.6699074074 0.0250000000 0.0388888889
3 0.6510416667 0.6152777778 0.0234375000 0.0388888889
0 0.5539062500 0.6375000000 0.0239583333 0.0379629630
3 0.4989583333 0.7143518519 0.0255208333 0.0407407407
4 0.4625000000 0.7092592593 0.0250000000 0.0407407407
4 0.3281250000 0.7157407407 0.0250000000 0.0398148148
2 0.3619791667 0.7574074074 0.0088541667 0.0148148148
2 0.5093750000 0.7592592593 0.0088541667 0.0148148148
2 0.6567708333 0.7592592593 0.0088541667 0.0148148148
2 0.8242187500 0.6490740741 0.0088541667 0.0138888889
2 0.8093750000 0.5708333333 0.0088541667 0.0138888889
2 0.7963541667 0.4981481481 0.0088541667 0.0138888889
2 0.1955729167 0.6449074074 0.0088541667 0.0148148148
2 0.2119791667 0.5666666667 0.0088541667 0.0148148148
2 0.2250000000 0.4935185185 0.0088541667 0.0148148148
2 0.2484375000 0.3726851852 0.0078125000 0.0129629630
2 0.2588541667 0.3152777778 0.0078125000 0.0129629630
2 0.2690104167 0.2643518519 0.0078125000 0.0129629630
2 0.7734375000 0.3736111111 0.0072916667 0.0120370370
2 0.7632812500 0.3185185185 0.0072916667 0.0120370370
2 0.7533854167 0.2675925926 0.0072916667 0.0120370370
2 0.4098958333 0.2055555556 0.0052083333 0.0083333333
2 0.5114583333 0.2060185185 0.0052083333 0.0083333333
2 0.6127604167 0.2069444444 0.0052083333 0.0083333333
