3 0.6263020833 0.2370370370 0.0187500000 0.0287037037
3 0.6033854167 0.2675925926 0.0192708333 0.0314814815
3 0.6085937500 0.3398148148 0.0197916667 0.0314814815
3 0.6924479167 0.5861111111 0.0234375000 0.0370370370
4 0.7341145833 0.6074074074 0.0239583333 0.0407407407
1 0.7375000000 0.6736111111 0.0244791667 0.0398148148
0 0.7101562500 0.7032407407 0.0250000000 0.0425925926
3 0.3002604167 0.5143518519 0.0223958333 0.0361111111
3 0.2544270833 0.6282407407 0.0244791667 0.0370370370
3 0.2434895833 0.7097222222 0.0255208333 0.0416666667
2 0.3617187500 0.7587962963 0.0098958333 0.0157407407
2 0.5091145833 0.7592592593 0.0098958333 0.0157407407
2 0.6557291667 0.7592592593 0.0098958333 0.0157407407
2 0.1958333333 0.6444444444 0.0072916667 0.0111111111
2 0.2111979167 0.5662037037 0.0072916667 0.0111111111
2 0.2247395833 0.4953703704 0.0072916667 0.0111111111
2 0.2486979167 0.3712962963 0.0067708333 0.0111111111
2 0.2593750000 0.3157407407 0.0067708333 0.0111111111
2 0.2692708333 0.2652777778 0.0067708333 0.0111111111
2 0.8231770833 0.6486111111 0.0072916667 0.0120370370
2 0.8088541667 0.5694444444 0.0072916667 0.0120370370
2 0.7960937500 0.4995370370 0.0072916667 0.0120370370
2 0.7734375000 0.3736111111 0.0072916667 0.0111111111
2 0.7630208333 0.3189814815 0.0072916667 0.0111111111
2 0.7533854167 0.2675925926 0.0072916667 0.0111111111
2 0.6127604167 0.2069444444 0.0067708333 0.0111111111
2 0.5109375000 0.2074074074 0.0067708333 0.0111111111
2 0.4096354167 0.2046296296 0.0067708333 0.0111111111
