4 0.7664062500 0.7273148148 0.0255208333 0.0305555556
0 0.7101562500 0.7027777778 0.0255208333 0.0425925926
4 0.7343750000 0.6078703704 0.0239583333 0.0407407407
3 0.6927083333 0.5856481481 0.0239583333 0.0370370370
3 0.6260416667 0.2370370370 0.0182291667 0.0287037037
3 0.6033854167 0.2680555556 0.0192708333 0.0314814815
3 0.6083333333 0.3398148148 0.0197916667 0.0324074074
4 0.5778645833 0.4555555556 0.0218750000 0.0361111111
4 0.4916666667 0.6356481481 0.0239583333 0.0407407407
4 0.4315104167 0.6819444444 0.0250000000 0.0425925926
1 0.3734375000 0.4462962963 0.0218750000 0.0351851852
3 0.3005208333 0.5148148148 0.0223958333 0.0342592593
3 0.2539062500 0.6287037037 0.0244791667 0.0370370370
3 0.2434895833 0.7092592593 0.0260416667 0.0398148148
2 0.3619791667 0.7587962963 0.0093750000 0.0148148148
2 0.5091145833 0.7587962963 0.0093750000 0.0148148148
2 0.6559895833 0.7592592593 0.0093750000 0.0148148148
2 0.8236979167 0.6486111111 0.0067708333 0.0111111111
2 0.8091145833 0.5699074074 0.0067708333 0.0111111111
2 0.7963541667 0.4986111111 0.0067708333 0.0111111111
2 0.1958333333 0.6444444444 0.0067708333 0.0111111111
2 0.2111979167 0.5662037037 0.0067708333 0.0111111111
2 0.2247395833 0.4944444444 0.0067708333 0.0111111111
2 0.7729166667 0.3745370370 0.0062500000 0.0101851852
2 0.7630208333 0.3175925926 0.0062500000 0.0101851852
2 0.7536458333 0.2675925926 0.0062500000 0.0101851852
2 0.2481770833 0.3703703704 0.0062500000 0.0101851852
2 0.2593750000 0.3166666667 0.0062500000 0.0101851852
2 0.2687500000 0.2643518519 0.0062500000 0.0101851852
2 0.6127604167 0.2078703704 0.0072916667 0.0111111111
2 0.5117187500 0.2060185185 0.0072916667 0.0111111111
2 0.4098958333 0.2060185185 0.0072916667 0.0111111111
