3 0.5098958333 0.5685185185 0.0197916667 0.0240740741
4 0.5223958333 0.5791666667 0.0197916667 0.0231481481
4 0.4971354167 0.5800925926 0.0197916667 0.0222222222
3 0.5333333333 0.5916666667 0.0192708333 0.0222222222
0 0.5098958333 0.5921296296 0.0166666667 0.0212962963
3 0.4859375000 0.5921296296 0.0218750000 0.0259259259
4 0.5450520833 0.6050925926 0.0223958333 0.0250000000
4 0.5208333333 0.6032407407 0.0213541667 0.0240740741
3 0.4976562500 0.6046296296 0.0166666667 0.0240740741
4 0.4731770833 0.6037037037 0.0218750000 0.0250000000
3 0.5572916667 0.6240740741 0.0239583333 0.0379629630
3 0.5325520833 0.6236111111 0.0239583333 0.0407407407
4 0.5088541667 0.6236111111 0.0234375000 0.0388888889
3 0.4851562500 0.6231481481 0.0244791667 0.0398148148
4 0.4601562500 0.6226851852 0.0239583333 0.0407407407
1 0.4710937500 0.3180555556 0.0197916667 0.0333333333
2 0.3617187500 0.7587962963 0.0072916667 0.0120370370
2 0.5091145833 0.7578703704 0.0072916667 0.0120370370
2 0.6567708333 0.7587962963 0.0072916667 0.0120370370
2 0.8236979167 0.6481481481 0.0083333333 0.0129629630
2 0.8093750000 0.5712962963 0.0083333333 0.0129629630
2 0.7963541667 0.4995370370 0.0083333333 0.0129629630
2 0.1963541667 0.6439814815 0.0067708333 0.0111111111
2 0.2106770833 0.5657407407 0.0067708333 0.0111111111
2 0.2244791667 0.4953703704 0.0067708333 0.0111111111
2 0.2486979167 0.3708333333 0.0072916667 0.0111111111
2 0.2593750000 0.3157407407 0.0072916667 0.0111111111
2 0.2692708333 0.2643518519 0.0072916667 0.0111111111
2 0.7731770833 0.3736111111 0.0062500000 0.0101851852
2 0.7632812500 0.3185185185 0.0062500000 0.0101851852
2 0.7536458333 0.2675925926 0.0062500000 0.0101851852
2 0.4096354167 0.2055555556 0.0052083333 0.0083333333
2 0.5114583333 0.2060185185 0.0052083333 0.0083333333
2 0.6125000000 0.2074074074 0.0052083333 0.0083333333
