3 0.8898437500 0.4120370370 0.0255208333 0.0416666667
4 0.8765625000 0.2916666667 0.0255208333 0.0435185185
3 0.8570312500 0.3259259259 0.0250000000 0.0425925926
4 0.7354166667 0.2402777778 0.0244791667 0.0435185185
4 0.4651041667 0.4699074074 0.0239583333 0.0425925926
1 0.3697916667 0.7898148148 0.0244791667 0.0416666667
0 0.3500000000 0.5726851852 0.0239583333 0.0398148148
3 0.2442708333 0.3092592593 0.0239583333 0.0407407407
4 0.2223958333 0.2902777778 0.0244791667 0.0416666667
3 0.1197916667 0.8476851852 0.0244791667 0.0425925926
2 0.0645833333 0.6865740741 0.0072916667 0.0129629630
2 0.0651041667 0.5000000000 0.0072916667 0.0129629630
2 0.0666666667 0.3129629630 0.0072916667 0.0129629630
2 0.1945312500 0.0879629630 0.0072916667 0.0129629630
2 0.2992187500 0.0884259259 0.0072916667 0.0129629630
2 0.4026041667 0.0884259259 0.0072916667 0.0129629630
2 0.6101562500 0.0870370370 0.0072916667 0.0129629630
2 0.7140625000 0.0856481481 0.0072916667 0.0129629630
2 0.8184895833 0.0851851852 0.0072916667 0.0129629630
2 0.9492187500 0.3129629630 0.0072916667 0.0129629630
2 0.9497395833 0.4995370370 0.0072916667 0.0129629630
2 0.9507812500 0.6870370370 0.0072916667 0.0129629630
2 0.8213541667 0.9162037037 0.0072916667 0.0129629630
2 0.7151041667 0.9143518519 0.0072916667 0.0129629630
2 0.6106770833 0.9143518519 0.0072916667 0.0129629630
2 0.4028645833 0.9152777778 0.0072916667 0.0129629630
2 0.2984375000 0.9162037037 0.0072916667 0.0129629630
2 0.1934895833 0.9171296296 0.0072916667 0.0129629630
