0 0.5651041667 0.5250000000 0.0229166667 0.0370370370
1 0.3953125000 0.3833333333 0.0203125000 0.0351851852
2 0.3617187500 0.7564814815 0.0088541667 0.0138888889
2 0.5093750000 0.7587962963 0.0088541667 0.0138888889
2 0.6559895833 0.7597222222 0.0088541667 0.0138888889
2 0.8236979167 0.6481481481 0.0088541667 0.0148148148
2 0.8093750000 0.5694444444 0.0088541667 0.0148148148
2 0.7963541667 0.4995370370 0.0088541667 0.0148148148
2 0.1963541667 0.6444444444 0.0078125000 0.0129629630
2 0.2111979167 0.5662037037 0.0078125000 0.0129629630
2 0.2244791667 0.4958333333 0.0078125000 0.0129629630
2 0.2486979167 0.3703703704 0.0062500000 0.0101851852
2 0.2591145833 0.3157407407 0.0062500000 0.0101851852
2 0.2692708333 0.2643518519 0.0062500000 0.0101851852
2 0.7734375000 0.3740740741 0.0072916667 0.0111111111
2 0.7638020833 0.3199074074 0.0072916667 0.0111111111
2 0.7533854167 0.2675925926 0.0072916667 0.0111111111
2 0.5114583333 0.2069444444 0.0072916667 0.0111111111
2 0.6130208333 0.2060185185 0.0072916667 0.0111111111
