0 0.7640625000 0.6310185185 0.0229166667 0.0379629630
4 0.8289062500 0.6356481481 0.0234375000 0.0268518519
4 0.7098958333 0.5611111111 0.0203125000 0.0342592593
3 0.6635416667 0.5546296296 0.0203125000 0.0324074074
4 0.5429687500 0.6240740741 0.0234375000 0.0379629630
4 0.5242187500 0.6699074074 0.0244791667 0.0398148148
4 0.4932291667 0.4912037037 0.0177083333 0.0305555556
3 0.4492187500 0.4236111111 0.0156250000 0.0259259259
4 0.4390625000 0.3898148148 0.0145833333 0.0240740741
1 0.4541666667 0.3731481481 0.0140625000 0.0231481481
3 0.4070312500 0.3675925926 0.0135416667 0.0175925926
3 0.4070312500 0.3870370370 0.0145833333 0.0250000000
4 0.3380208333 0.4050925926 0.0156250000 0.0240740741
3 0.2981770833 0.5717592593 0.0218750000 0.0342592593
3 0.3242187500 0.6671296296 0.0250000000 0.0398148148
3 0.3671875000 0.7351851852 0.0270833333 0.0416666667
2 0.5252604167 0.7476851852 0.0078125000 0.0129629630
2 0.6567708333 0.7129629630 0.0078125000 0.0129629630
2 0.7778645833 0.6805555556 0.0078125000 0.0129629630
2 0.8109375000 0.5722222222 0.0072916667 0.0120370370
2 0.7421875000 0.5254629630 0.0072916667 0.0120370370
2 0.6841145833 0.4861111111 0.0072916667 0.0120370370
2 0.2820312500 0.6902777778 0.0088541667 0.0138888889
2 0.2500000000 0.6240740741 0.0088541667 0.0138888889
2 0.2221354167 0.5694444444 0.0088541667 0.0138888889
2 0.1786458333 0.4824074074 0.0078125000 0.0129629630
2 0.1619791667 0.4500000000 0.0078125000 0.0129629630
2 0.1468750000 0.4189814815 0.0078125000 0.0129629630
2 0.5893229167 0.4212962963 0.0057291667 0.0092592593
2 0.5497395833 0.3949074074 0.0057291667 0.0092592593
2 0.5145833333 0.3712962963 0.0057291667 0.0092592593
2 0.3861979167 0.3550925926 0.0052083333 0.0083333333
2 0.3117187500 0.3638888889 0.0052083333 0.0083333333
2 0.2346354167 0.3726851852 0.0052083333 0.0083333333
