3 0.8299479167 0.6259259259 0.0151041667 0.0240740741
3 0.7372395833 0.6722222222 0.0145833333 0.0222222222
4 0.7156250000 0.4907407407 0.0156250000 0.0250000000
4 0.6643229167 0.5587962963 0.0161458333 0.0250000000
4 0.6789062500 0.4629629630 0.0156250000 0.0250000000
4 0.5971354167 0.5976851852 0.0156250000 0.0259259259
4 0.5950520833 0.5398148148 0.0145833333 0.0259259259
4 0.5382812500 0.7615740741 0.0156250000 0.0259259259
3 0.5354166667 0.3944444444 0.0151041667 0.0250000000
4 0.4270833333 0.3212962963 0.0145833333 0.0250000000
0 0.3557291667 0.3379629630 0.0151041667 0.0240740741
3 0.2872395833 0.3754629630 0.0161458333 0.0250000000
3 0.2932291667 0.2814814815 0.0156250000 0.0240740741
1 0.2098958333 0.7185185185 0.0166666667 0.0259259259
3 0.1820312500 0.4356481481 0.0156250000 0.0240740741
3 0.1864583333 0.3143518519 0.0161458333 0.0240740741
2 0.1395833333 0.6412037037 0.0078125000 0.0120370370
2 0.1380208333 0.5050925926 0.0078125000 0.0120370370
2 0.1375000000 0.3703703704 0.0078125000 0.0120370370
2 0.8645833333 0.6416666667 0.0072916667 0.0111111111
2 0.8656250000 0.5060185185 0.0072916667 0.0111111111
2 0.8658854167 0.3694444444 0.0072916667 0.0111111111
2 0.2479166667 0.8143518519 0.0072916667 0.0111111111
2 0.3330729167 0.8157407407 0.0072916667 0.0111111111
2 0.4177083333 0.8162037037 0.0072916667 0.0111111111
2 0.5869791667 0.8162037037 0.0078125000 0.0120370370
2 0.6713541667 0.8152777778 0.0078125000 0.0120370370
2 0.7557291667 0.8138888889 0.0078125000 0.0120370370
2 0.2463541667 0.1949074074 0.0062500000 0.0101851852
2 0.3317708333 0.1944444444 0.0062500000 0.0101851852
2 0.4174479167 0.1944444444 0.0062500000 0.0101851852
2 0.5875000000 0.1935185185 0.0067708333 0.0111111111
2 0.6726562500 0.1953703704 0.0067708333 0.0111111111
2 0.7585937500 0.1949074074 0.0067708333 0.0111111111
