3 0.6901041667 0.3013888889 0.0187500000 0.0305555556
3 0.6570312500 0.2402777778 0.0187500000 0.0305555556
3 0.5645833333 0.2365740741 0.0182291667 0.0305555556
3 0.6143229167 0.2981481481 0.0187500000 0.0314814815
0 0.6484375000 0.3402777778 0.0197916667 0.0324074074
4 0.6677083333 0.3875000000 0.0203125000 0.0342592593
3 0.6101562500 0.4662037037 0.0213541667 0.0361111111
4 0.5513020833 0.5842592593 0.0239583333 0.0398148148
4 0.5242187500 0.6171296296 0.0244791667 0.0398148148
4 0.4783854167 0.5129629630 0.0223958333 0.0388888889
4 0.4578125000 0.5708333333 0.0234375000 0.0388888889
4 0.4244791667 0.5143518519 0.0218750000 0.0379629630
1 0.3468750000 0.2500000000 0.0182291667 0.0314814815
4 0.2791666667 0.4666666667 0.0218750000 0.0351851852
3 0.3408854167 0.6375000000 0.0244791667 0.0407407407
3 0.3804687500 0.7245370370 0.0250000000 0.0259259259
2 0.3622395833 0.7578703704 0.0088541667 0.0148148148
2 0.5088541667 0.7601851852 0.0088541667 0.0148148148
2 0.6562500000 0.7601851852 0.0088541667 0.0148148148
2 0.8239583333 0.6490740741 0.0067708333 0.0111111111
2 0.8091145833 0.5699074074 0.0067708333 0.0111111111
2 0.7960937500 0.4981481481 0.0067708333 0.0111111111
2 0.1960937500 0.6444444444 0.0083333333 0.0129629630
2 0.2106770833 0.5666666667 0.0083333333 0.0129629630
2 0.2239583333 0.4953703704 0.0083333333 0.0129629630
2 0.2486979167 0.3712962963 0.0067708333 0.0111111111
2 0.2591145833 0.3148148148 0.0067708333 0.0111111111
2 0.2687500000 0.2652777778 0.0067708333 0.0111111111
2 0.7734375000 0.3745370370 0.0062500000 0.0101851852
2 0.7630208333 0.3189814815 0.0062500000 0.0101851852
2 0.7536458333 0.2680555556 0.0062500000 0.0101851852
2 0.4101562500 0.2046296296 0.0072916667 0.0120370370
2 0.5111979167 0.2050925926 0.0072916667 0.0120370370
2 0.6127604167 0.2074074074 0.0072916667 0.0120370370
