3 0.5276041667 0.5939814815 0.0197916667 0.0240740741
3 0.5049479167 0.5708333333 0.0197916667 0.0240740741
4 0.5164062500 0.5819444444 0.0203125000 0.0240740741
4 0.4932291667 0.5824074074 0.0208333333 0.0222222222
0 0.5046875000 0.5939814815 0.0208333333 0.0231481481
3 0.4804687500 0.5935185185 0.0203125000 0.0240740741
4 0.5406250000 0.6069444444 0.0218750000 0.0250000000
3 0.5171875000 0.6050925926 0.0192708333 0.0212962963
3 0.4924479167 0.6069444444 0.0203125000 0.0259259259
4 0.4671875000 0.6087962963 0.0203125000 0.0296296296
3 0.5531250000 0.6250000000 0.0234375000 0.0388888889
4 0.5296875000 0.6254629630 0.0239583333 0.0398148148
4 0.5046875000 0.6254629630 0.0250000000 0.0398148148
3 0.4807291667 0.6263888889 0.0223958333 0.0407407407
4 0.4557291667 0.6254629630 0.0239583333 0.0407407407
1 0.4661458333 0.2305555556 0.0192708333 0.0314814815
2 0.3570312500 0.7574074074 0.0078125000 0.0129629630
2 0.5049479167 0.7592592593 0.0078125000 0.0129629630
2 0.6510416667 0.7597222222 0.0078125000 0.0129629630
2 0.8179687500 0.6490740741 0.0078125000 0.0129629630
2 0.8044270833 0.5703703704 0.0078125000 0.0129629630
2 0.7914062500 0.4976851852 0.0078125000 0.0129629630
2 0.1911458333 0.6444444444 0.0072916667 0.0111111111
2 0.2059895833 0.5671296296 0.0072916667 0.0111111111
2 0.2200520833 0.4958333333 0.0072916667 0.0111111111
2 0.2440104167 0.3712962963 0.0062500000 0.0101851852
2 0.2549479167 0.3166666667 0.0062500000 0.0101851852
2 0.2643229167 0.2652777778 0.0062500000 0.0101851852
2 0.7690104167 0.3740740741 0.0072916667 0.0111111111
2 0.7585937500 0.3189814815 0.0072916667 0.0111111111
2 0.7486979167 0.2675925926 0.0072916667 0.0111111111
2 0.4057291667 0.2060185185 0.0062500000 0.0101851852
2 0.5065104167 0.2064814815 0.0062500000 0.0101851852
2 0.6070312500 0.2060185185 0.0062500000 0.0101851852
