1 0.6606770833 0.5990740741 0.0197916667 0.0324074074
4 0.6502604167 0.7148148148 0.0229166667 0.0379629630
3 0.5976562500 0.6634259259 0.0218750000 0.0361111111
0 0.5864583333 0.6231481481 0.0208333333 0.0333333333
4 0.5981770833 0.5819444444 0.0187500000 0.0314814815
3 0.5778645833 0.7129629630 0.0234375000 0.0379629630
3 0.4927083333 0.5106481481 0.0166666667 0.0277777778
3 0.4260416667 0.6805555556 0.0223958333 0.0370370370
3 0.1984375000 0.4523148148 0.0156250000 0.0259259259
3 0.0981770833 0.4995370370 0.0171875000 0.0277777778
2 0.6997395833 0.7537037037 0.0083333333 0.0129629630
2 0.7768229167 0.7018518519 0.0083333333 0.0129629630
2 0.8453125000 0.6569444444 0.0083333333 0.0129629630
2 0.7966145833 0.5615740741 0.0052083333 0.0083333333
2 0.7119791667 0.5310185185 0.0052083333 0.0083333333
2 0.6359375000 0.5027777778 0.0052083333 0.0083333333
2 0.4489583333 0.7481481481 0.0088541667 0.0138888889
2 0.3611979167 0.6944444444 0.0088541667 0.0138888889
2 0.2856770833 0.6472222222 0.0088541667 0.0138888889
2 0.1598958333 0.5689814815 0.0067708333 0.0111111111
2 0.1070312500 0.5365740741 0.0067708333 0.0111111111
2 0.0591145833 0.5064814815 0.0067708333 0.0111111111
2 0.1101562500 0.4467592593 0.0052083333 0.0083333333
2 0.1846354167 0.4277777778 0.0052083333 0.0083333333
2 0.2531250000 0.4111111111 0.0052083333 0.0083333333
2 0.3937500000 0.4129629630 0.0052083333 0.0083333333
2 0.4466145833 0.4333333333 0.0052083333 0.0083333333
2 0.5041666667 0.4541666667 0.0052083333 0.0083333333
