1 0.7096354167 0.3652777778 0.0203125000 0.0333333333
3 0.6148437500 0.6546296296 0.0244791667 0.0398148148
3 0.4812500000 0.4824074074 0.0218750000 0.0361111111
3 0.5828125000 0.2662037037 0.0187500000 0.0305555556
3 0.4809895833 0.3231481481 0.0197916667 0.0324074074
3 0.2976562500 0.3458333333 0.0203125000 0.0324074074
3 0.3346354167 0.5277777778 0.0223958333 0.0361111111
3 0.3257812500 0.5662037037 0.0234375000 0.0361111111
0 0.2796875000 0.5481481481 0.0234375000 0.0370370370
2 0.3565104167 0.7578703704 0.0088541667 0.0148148148
2 0.5039062500 0.7587962963 0.0088541667 0.0148148148
2 0.6507812500 0.7601851852 0.0088541667 0.0148148148
2 0.8182291667 0.6476851852 0.0083333333 0.0129629630
2 0.8041666667 0.5699074074 0.0083333333 0.0129629630
2 0.7908854167 0.4976851852 0.0083333333 0.0129629630
2 0.1908854167 0.6444444444 0.0072916667 0.0120370370
2 0.2057291667 0.5666666667 0.0072916667 0.0120370370
2 0.2190104167 0.4944444444 0.0072916667 0.0120370370
2 0.2432291667 0.3699074074 0.0078125000 0.0129629630
2 0.2544270833 0.3162037037 0.0078125000 0.0129629630
2 0.2632812500 0.2634259259 0.0078125000 0.0129629630
2 0.7682291667 0.3726851852 0.0062500000 0.0101851852
2 0.7578125000 0.3185185185 0.0062500000 0.0101851852
2 0.7484375000 0.2662037037 0.0062500000 0.0101851852
2 0.4046875000 0.2050925926 0.0057291667 0.0092592593
2 0.5062500000 0.2064814815 0.0057291667 0.0092592593
2 0.6080729167 0.2055555556 0.0057291667 0.0092592593
