4 0.8322916667 0.5060185185 0.0255208333 0.0425925926
3 0.7127604167 0.5388888889 0.0244791667 0.0425925926
4 0.6033854167 0.5222222222 0.0244791667 0.0425925926
3 0.5130208333 0.6439814815 0.0239583333 0.0425925926
0 0.3968750000 0.7166666667 0.0234375000 0.0407407407
3 0.3755208333 0.6680555556 0.0250000000 0.0416666667
4 0.4286458333 0.3597222222 0.0244791667 0.0425925926
1 0.2664062500 0.5319444444 0.0244791667 0.0416666667
4 0.2468750000 0.4222222222 0.0255208333 0.0435185185
4 0.2294270833 0.2888888889 0.0250000000 0.0425925926
2 0.0635416667 0.6875000000 0.0072916667 0.0129629630
2 0.0648437500 0.5004629630 0.0072916667 0.0129629630
2 0.0656250000 0.3162037037 0.0072916667 0.0129629630
2 0.1934895833 0.0893518519 0.0072916667 0.0129629630
2 0.2976562500 0.0893518519 0.0072916667 0.0129629630
2 0.4015625000 0.0888888889 0.0072916667 0.0129629630
2 0.6088541667 0.0865740741 0.0072916667 0.0129629630
2 0.7132812500 0.0851851852 0.0072916667 0.0129629630
2 0.8182291667 0.0847222222 0.0072916667 0.0129629630
2 0.9494791667 0.3120370370 0.0072916667 0.0129629630
2 0.9494791667 0.4986111111 0.0072916667 0.0129629630
2 0.9507812500 0.6861111111 0.0072916667 0.0129629630
2 0.8213541667 0.9148148148 0.0072916667 0.0129629630
2 0.7151041667 0.9157407407 0.0072916667 0.0129629630
2 0.6109375000 0.9148148148 0.0072916667 0.0129629630
2 0.4023437500 0.9166666667 0.0072916667 0.0129629630
2 0.2979166667 0.9171296296 0.0072916667 0.0129629630
2 0.1929687500 0.9185185185 0.0072916667 0.0129629630
