4 0.7184895833 0.4055555556 0.0203125000 0.0324074074
4 0.6809895833 0.3212962963 0.0197916667 0.0324074074
3 0.5825520833 0.2657407407 0.0187500000 0.0314814815
3 0.4815104167 0.3231481481 0.0197916667 0.0324074074
1 0.3669270833 0.3208333333 0.0192708333 0.0324074074
3 0.2973958333 0.3444444444 0.0197916667 0.0305555556
4 0.3398437500 0.3731481481 0.0203125000 0.0342592593
4 0.5460937500 0.5009259259 0.0223958333 0.0370370370
3 0.4828125000 0.4837962963 0.0213541667 0.0370370370
3 0.3348958333 0.5287037037 0.0229166667 0.0379629630
0 0.2799479167 0.5467592593 0.0234375000 0.0351851852
3 0.3257812500 0.5666666667 0.0234375000 0.0361111111
4 0.4638020833 0.6083333333 0.0229166667 0.0370370370
3 0.6145833333 0.6546296296 0.0244791667 0.0398148148
4 0.3221354167 0.7180555556 0.0250000000 0.0370370370
2 0.3575520833 0.7569444444 0.0088541667 0.0148148148
2 0.5033854167 0.7578703704 0.0088541667 0.0148148148
2 0.6515625000 0.7583333333 0.0088541667 0.0148148148
2 0.8182291667 0.6486111111 0.0088541667 0.0138888889
2 0.8044270833 0.5699074074 0.0088541667 0.0138888889
2 0.7906250000 0.4972222222 0.0088541667 0.0138888889
2 0.1906250000 0.6439814815 0.0088541667 0.0138888889
2 0.2052083333 0.5652777778 0.0088541667 0.0138888889
2 0.2197916667 0.4949074074 0.0088541667 0.0138888889
2 0.2429687500 0.3708333333 0.0078125000 0.0129629630
2 0.2544270833 0.3148148148 0.0078125000 0.0129629630
2 0.2635416667 0.2643518519 0.0078125000 0.0129629630
2 0.7684895833 0.3731481481 0.0072916667 0.0120370370
2 0.7575520833 0.3180555556 0.0072916667 0.0120370370
2 0.7484375000 0.2685185185 0.0072916667 0.0120370370
2 0.4049479167 0.2050925926 0.0062500000 0.0101851852
2 0.5067708333 0.2060185185 0.0062500000 0.0101851852
2 0.6078125000 0.2055555556 0.0062500000 0.0101851852
