3 0.7078125000 0.5166666667 0.0229166667 0.0370370370
3 0.5098958333 0.3722222222 0.0197916667 0.0324074074
4 0.5052083333 0.3430555556 0.0192708333 0.0324074074
3 0.4757812500 0.2597222222 0.0187500000 0.0305555556
1 0.4226562500 0.2944444444 0.0192708333 0.0314814815
3 0.3989583333 0.2750000000 0.0187500000 0.0314814815
3 0.4674479167 0.3787037037 0.0197916667 0.0324074074
3 0.4552083333 0.4518518519 0.0218750000 0.0351851852
4 0.4398437500 0.5745370370 0.0234375000 0.0388888889
0 0.3432291667 0.5189814815 0.0223958333 0.0370370370
3 0.2757812500 0.4638888889 0.0218750000 0.0351851852
2 0.3497395833 0.7569444444 0.0078125000 0.0129629630
2 0.4973958333 0.7574074074 0.0078125000 0.0129629630
2 0.6434895833 0.7583333333 0.0078125000 0.0129629630
2 0.1830729167 0.6439814815 0.0072916667 0.0120370370
2 0.1986979167 0.5657407407 0.0072916667 0.0120370370
2 0.2122395833 0.4944444444 0.0072916667 0.0120370370
2 0.8109375000 0.6481481481 0.0083333333 0.0129629630
2 0.7966145833 0.5694444444 0.0083333333 0.0129629630
2 0.7846354167 0.4990740741 0.0083333333 0.0129629630
2 0.2364583333 0.3708333333 0.0067708333 0.0111111111
2 0.2466145833 0.3152777778 0.0067708333 0.0111111111
2 0.2565104167 0.2643518519 0.0067708333 0.0111111111
2 0.7606770833 0.3722222222 0.0062500000 0.0101851852
2 0.7505208333 0.3185185185 0.0062500000 0.0101851852
2 0.7411458333 0.2662037037 0.0062500000 0.0101851852
2 0.3981770833 0.2046296296 0.0057291667 0.0092592593
2 0.4992187500 0.2055555556 0.0057291667 0.0092592593
2 0.6005208333 0.2064814815 0.0057291667 0.0092592593
