4 0.8559895833 0.5870370370 0.0223958333 0.0379629630
3 0.8200520833 0.5425925926 0.0218750000 0.0351851852
4 0.6914062500 0.5486111111 0.0218750000 0.0351851852
4 0.6158854167 0.6231481481 0.0239583333 0.0388888889
0 0.5755208333 0.5000000000 0.0203125000 0.0342592593
4 0.3619791667 0.3379629630 0.0161458333 0.0268518519
3 0.3473958333 0.3018518519 0.0151041667 0.0250000000
3 0.2312500000 0.3333333333 0.0161458333 0.0268518519
4 0.3851562500 0.5412037037 0.0213541667 0.0342592593
3 0.3429687500 0.5782407407 0.0223958333 0.0361111111
3 0.3403645833 0.5361111111 0.0213541667 0.0361111111
4 0.3033854167 0.5393518519 0.0208333333 0.0370370370
4 0.2997395833 0.5208333333 0.0203125000 0.0250000000
3 0.2755208333 0.5078703704 0.0208333333 0.0342592593
3 0.2239583333 0.4652777778 0.0192708333 0.0314814815
1 0.0843750000 0.3745370370 0.0177083333 0.0268518519
2 0.6973958333 0.7629629630 0.0083333333 0.0129629630
2 0.7984375000 0.7018518519 0.0083333333 0.0129629630
2 0.8869791667 0.6476851852 0.0083333333 0.0129629630
2 0.4257812500 0.7370370370 0.0072916667 0.0120370370
2 0.3453125000 0.6611111111 0.0072916667 0.0120370370
2 0.2757812500 0.5958333333 0.0072916667 0.0120370370
2 0.0734375000 0.4041666667 0.0057291667 0.0092592593
2 0.1164062500 0.4435185185 0.0057291667 0.0092592593
2 0.1632812500 0.4888888889 0.0057291667 0.0092592593
2 0.8559895833 0.5171296296 0.0067708333 0.0111111111
2 0.7677083333 0.4703703704 0.0067708333 0.0111111111
2 0.6893229167 0.4277777778 0.0067708333 0.0111111111
2 0.5559895833 0.3564814815 0.0041666667 0.0074074074
2 0.4984375000 0.3259259259 0.0041666667 0.0074074074
2 0.4453125000 0.2976851852 0.0041666667 0.0074074074
2 0.1388020833 0.3287037037 0.0057291667 0.0092592593
2 0.2203125000 0.3074074074 0.0057291667 0.0092592593
2 0.2955729167 0.2879629630 0.0057291667 0.0092592593
