3 0.7119791667 0.3768518519 0.0203125000 0.0296296296
4 0.7145833333 0.4018518519 0.0208333333 0.0333333333
3 0.5098958333 0.3717592593 0.0203125000 0.0324074074
4 0.5049479167 0.3430555556 0.0197916667 0.0324074074
3 0.4674479167 0.3791666667 0.0197916667 0.0333333333
3 0.3989583333 0.2740740741 0.0192708333 0.0305555556
4 0.3617187500 0.2837962963 0.0187500000 0.0314814815
1 0.4002604167 0.4305555556 0.0218750000 0.0351851852
3 0.4552083333 0.4513888889 0.0218750000 0.0342592593
3 0.7083333333 0.5166666667 0.0223958333 0.0370370370
4 0.4398437500 0.5750000000 0.0234375000 0.0388888889
0 0.3434895833 0.5180555556 0.0229166667 0.0351851852
3 0.2763020833 0.4643518519 0.0213541667 0.0361111111
2 0.3492187500 0.7569444444 0.0104166667 0.0166666667
2 0.4966145833 0.7578703704 0.0104166667 0.0166666667
2 0.6437500000 0.7597222222 0.0104166667 0.0166666667
2 0.8106770833 0.6462962963 0.0078125000 0.0120370370
2 0.7971354167 0.5699074074 0.0078125000 0.0120370370
2 0.7838541667 0.4986111111 0.0078125000 0.0120370370
2 0.1833333333 0.6444444444 0.0078125000 0.0120370370
2 0.1984375000 0.5662037037 0.0078125000 0.0120370370
2 0.2127604167 0.4944444444 0.0078125000 0.0120370370
2 0.2361979167 0.3712962963 0.0062500000 0.0092592593
2 0.2471354167 0.3148148148 0.0062500000 0.0092592593
2 0.2567708333 0.2643518519 0.0062500000 0.0092592593
2 0.7609375000 0.3726851852 0.0062500000 0.0101851852
2 0.7505208333 0.3180555556 0.0062500000 0.0101851852
2 0.7411458333 0.2680555556 0.0062500000 0.0101851852
2 0.3976562500 0.2055555556 0.0057291667 0.0092592593
2 0.4986979167 0.2055555556 0.0057291667 0.0092592593
2 0.6005208333 0.2050925926 0.0057291667 0.0092592593
