4 0.8127604167 0.4421296296 0.0161458333 0.0250000000
4 0.7385416667 0.6356481481 0.0151041667 0.0259259259
4 0.6695312500 0.5657407407 0.0151041667 0.0250000000
3 0.5992187500 0.2787037037 0.0145833333 0.0231481481
1 0.5916666667 0.4046296296 0.0156250000 0.0250000000
0 0.6041666667 0.6712962963 0.0151041667 0.0240740741
3 0.5356770833 0.7513888889 0.0140625000 0.0240740741
3 0.5239583333 0.5287037037 0.0151041667 0.0240740741
4 0.4481770833 0.2532407407 0.0140625000 0.0231481481
3 0.4140625000 0.2532407407 0.0156250000 0.0259259259
4 0.4158854167 0.4509259259 0.0151041667 0.0259259259
3 0.4052083333 0.4921296296 0.0145833333 0.0231481481
3 0.4166666667 0.5421296296 0.0151041667 0.0240740741
4 0.3606770833 0.4981481481 0.0156250000 0.0250000000
4 0.2687500000 0.6787037037 0.0161458333 0.0250000000
3 0.2510416667 0.6328703704 0.0156250000 0.0240740741
2 0.1388020833 0.6430555556 0.0072916667 0.0120370370
2 0.1385416667 0.5064814815 0.0072916667 0.0120370370
2 0.1385416667 0.3703703704 0.0072916667 0.0120370370
2 0.8651041667 0.6412037037 0.0072916667 0.0111111111
2 0.8653645833 0.5060185185 0.0072916667 0.0111111111
2 0.8653645833 0.3699074074 0.0072916667 0.0111111111
2 0.2479166667 0.8143518519 0.0062500000 0.0101851852
2 0.3335937500 0.8152777778 0.0062500000 0.0101851852
2 0.4177083333 0.8152777778 0.0062500000 0.0101851852
2 0.5861979167 0.8152777778 0.0072916667 0.0120370370
2 0.6716145833 0.8152777778 0.0072916667 0.0120370370
2 0.7559895833 0.8138888889 0.0072916667 0.0120370370
2 0.2463541667 0.1958333333 0.0062500000 0.0101851852
2 0.3325520833 0.1949074074 0.0062500000 0.0101851852
2 0.4174479167 0.1939814815 0.0062500000 0.0101851852
2 0.5875000000 0.1939814815 0.0067708333 0.0111111111
2 0.6718750000 0.1958333333 0.0067708333 0.0111111111
2 0.7572916667 0.1949074074 0.0067708333 0.0111111111
