4 0.8122395833 0.4416666667 0.0161458333 0.0259259259
4 0.7388020833 0.6356481481 0.0151041667 0.0250000000
4 0.6695312500 0.5652777778 0.0156250000 0.0250000000
3 0.5989583333 0.2787037037 0.0151041667 0.0231481481
1 0.5919270833 0.4046296296 0.0156250000 0.0250000000
0 0.6036458333 0.6708333333 0.0151041667 0.0240740741
3 0.5354166667 0.7513888889 0.0145833333 0.0240740741
3 0.5236979167 0.5291666667 0.0151041667 0.0240740741
4 0.4481770833 0.2537037037 0.0145833333 0.0240740741
3 0.4138020833 0.2527777778 0.0156250000 0.0259259259
4 0.4158854167 0.4509259259 0.0156250000 0.0259259259
3 0.4049479167 0.4916666667 0.0145833333 0.0231481481
3 0.4164062500 0.5416666667 0.0151041667 0.0240740741
4 0.3606770833 0.4986111111 0.0156250000 0.0250000000
4 0.2687500000 0.6782407407 0.0161458333 0.0250000000
3 0.2510416667 0.6319444444 0.0156250000 0.0240740741
2 0.1382812500 0.6421296296 0.0067708333 0.0101851852
2 0.1382812500 0.5050925926 0.0067708333 0.0101851852
2 0.1382812500 0.3694444444 0.0067708333 0.0101851852
2 0.8645833333 0.6412037037 0.0062500000 0.0101851852
2 0.8656250000 0.5060185185 0.0062500000 0.0101851852
2 0.8664062500 0.3689814815 0.0062500000 0.0101851852
2 0.2479166667 0.8148148148 0.0072916667 0.0120370370
2 0.3325520833 0.8148148148 0.0072916667 0.0120370370
2 0.4179687500 0.8157407407 0.0072916667 0.0120370370
2 0.5861979167 0.8152777778 0.0067708333 0.0111111111
2 0.6713541667 0.8166666667 0.0067708333 0.0111111111
2 0.7565104167 0.8138888889 0.0067708333 0.0111111111
2 0.2463541667 0.1958333333 0.0062500000 0.0101851852
2 0.3320312500 0.1949074074 0.0062500000 0.0101851852
2 0.4166666667 0.1944444444 0.0062500000 0.0101851852
2 0.5875000000 0.1944444444 0.0062500000 0.0101851852
2 0.6723958333 0.1944444444 0.0062500000 0.0101851852
2 0.7578125000 0.1958333333 0.0062500000 0.0101851852
