3 0.6921875000 0.3370370370 0.0197916667 0.0333333333
4 0.6945312500 0.3962962963 0.0203125000 0.0342592593
4 0.6520833333 0.3041666667 0.0197916667 0.0324074074
3 0.6356770833 0.2435185185 0.0182291667 0.0314814815
4 0.7539062500 0.6796296296 0.0250000000 0.0425925926
4 0.7179687500 0.6912037037 0.0250000000 0.0416666667
3 0.5908854167 0.6495370370 0.0244791667 0.0398148148
3 0.5393229167 0.4939814815 0.0218750000 0.0361111111
3 0.4947916667 0.4699074074 0.0218750000 0.0370370370
0 0.5005208333 0.6148148148 0.0239583333 0.0398148148
3 0.4296875000 0.4930555556 0.0218750000 0.0351851852
4 0.4106770833 0.4824074074 0.0218750000 0.0361111111
1 0.3570312500 0.2824074074 0.0187500000 0.0314814815
3 0.3130208333 0.6532407407 0.0244791667 0.0407407407
4 0.2533854167 0.6625000000 0.0250000000 0.0398148148
2 0.3494791667 0.7574074074 0.0083333333 0.0129629630
2 0.4968750000 0.7574074074 0.0083333333 0.0129629630
2 0.6434895833 0.7597222222 0.0083333333 0.0129629630
2 0.8109375000 0.6472222222 0.0072916667 0.0120370370
2 0.7963541667 0.5689814815 0.0072916667 0.0120370370
2 0.7838541667 0.4976851852 0.0072916667 0.0120370370
2 0.1835937500 0.6449074074 0.0088541667 0.0138888889
2 0.1986979167 0.5648148148 0.0088541667 0.0138888889
2 0.2122395833 0.4944444444 0.0088541667 0.0138888889
2 0.2364583333 0.3703703704 0.0057291667 0.0092592593
2 0.2468750000 0.3148148148 0.0057291667 0.0092592593
2 0.2565104167 0.2638888889 0.0057291667 0.0092592593
2 0.7606770833 0.3731481481 0.0078125000 0.0129629630
2 0.7505208333 0.3189814815 0.0078125000 0.0129629630
2 0.7408854167 0.2671296296 0.0078125000 0.0129629630
2 0.3971354167 0.2046296296 0.0057291667 0.0092592593
2 0.4989583333 0.2060185185 0.0057291667 0.0092592593
2 0.6005208333 0.2055555556 0.0057291667 0.0092592593
