4 0.7911458333 0.2925925926 0.0161458333 0.0250000000
4 0.7802083333 0.2550925926 0.0145833333 0.0240740741
4 0.7648437500 0.7439814815 0.0156250000 0.0259259259
3 0.7539062500 0.6856481481 0.0151041667 0.0240740741
3 0.7489583333 0.4125000000 0.0145833333 0.0222222222
0 0.7127604167 0.5023148148 0.0151041667 0.0240740741
3 0.5723958333 0.4597222222 0.0156250000 0.0231481481
3 0.5723958333 0.5800925926 0.0151041667 0.0240740741
4 0.5591145833 0.6009259259 0.0156250000 0.0240740741
3 0.5416666667 0.5097222222 0.0151041667 0.0250000000
4 0.4398437500 0.2759259259 0.0156250000 0.0259259259
3 0.3505208333 0.2699074074 0.0156250000 0.0250000000
4 0.2973958333 0.3138888889 0.0151041667 0.0250000000
1 0.1979166667 0.7050925926 0.0161458333 0.0259259259
3 0.1958333333 0.3268518519 0.0161458333 0.0250000000
4 0.1778645833 0.3166666667 0.0161458333 0.0250000000
2 0.1388020833 0.6416666667 0.0067708333 0.0111111111
2 0.1385416667 0.5060185185 0.0067708333 0.0111111111
2 0.1382812500 0.3699074074 0.0067708333 0.0111111111
2 0.8648437500 0.6435185185 0.0078125000 0.0120370370
2 0.8658854167 0.5064814815 0.0078125000 0.0120370370
2 0.8661458333 0.3685185185 0.0078125000 0.0120370370
2 0.2486979167 0.8143518519 0.0046875000 0.0074074074
2 0.3328125000 0.8143518519 0.0046875000 0.0074074074
2 0.4174479167 0.8143518519 0.0046875000 0.0074074074
2 0.5869791667 0.8152777778 0.0052083333 0.0083333333
2 0.6710937500 0.8152777778 0.0052083333 0.0083333333
2 0.7559895833 0.8138888889 0.0052083333 0.0083333333
2 0.2471354167 0.1958333333 0.0067708333 0.0111111111
2 0.3322916667 0.1949074074 0.0067708333 0.0111111111
2 0.4171875000 0.1939814815 0.0067708333 0.0111111111
2 0.5875000000 0.1939814815 0.0062500000 0.0101851852
2 0.6729166667 0.1949074074 0.0062500000 0.0101851852
2 0.7578125000 0.1949074074 0.0062500000 0.0101851852
