3 0.6976562500 0.7236111111 0.0239583333 0.0296296296
3 0.6835937500 0.3500000000 0.0197916667 0.0324074074
3 0.6429687500 0.3254629630 0.0197916667 0.0324074074
3 0.5799479167 0.4638888889 0.0218750000 0.0361111111
3 0.5299479167 0.4347222222 0.0208333333 0.0351851852
3 0.3958333333 0.3837962963 0.0203125000 0.0333333333
0 0.3505208333 0.5699074074 0.0234375000 0.0379629630
3 0.2635416667 0.4430555556 0.0213541667 0.0361111111
1 0.2721354167 0.5425925926 0.0223958333 0.0388888889
4 0.2375000000 0.6643518519 0.0244791667 0.0416666667
2 0.3500000000 0.7564814815 0.0083333333 0.0129629630
2 0.4963541667 0.7574074074 0.0083333333 0.0129629630
2 0.6437500000 0.7587962963 0.0083333333 0.0129629630
2 0.8111979167 0.6467592593 0.0072916667 0.0120370370
2 0.7966145833 0.5685185185 0.0072916667 0.0120370370
2 0.7835937500 0.4981481481 0.0072916667 0.0120370370
2 0.1835937500 0.6439814815 0.0072916667 0.0111111111
2 0.1979166667 0.5652777778 0.0072916667 0.0111111111
2 0.2125000000 0.4949074074 0.0072916667 0.0111111111
2 0.2356770833 0.3694444444 0.0062500000 0.0101851852
2 0.2476562500 0.3148148148 0.0062500000 0.0101851852
2 0.2572916667 0.2643518519 0.0062500000 0.0101851852
2 0.7609375000 0.3726851852 0.0062500000 0.0101851852
2 0.7507812500 0.3166666667 0.0062500000 0.0101851852
2 0.7411458333 0.2671296296 0.0062500000 0.0101851852
2 0.3976562500 0.2046296296 0.0057291667 0.0092592593
2 0.4986979167 0.2060185185 0.0057291667 0.0092592593
2 0.6010416667 0.2060185185 0.0057291667 0.0092592593
