4 0.8533854167 0.5337962963 0.0260416667 0.0444444444
3 0.5786458333 0.5259259259 0.0244791667 0.0416666667
3 0.4325520833 0.7638888889 0.0244791667 0.0425925926
3 0.4130208333 0.7226851852 0.0239583333 0.0416666667
4 0.3955729167 0.5527777778 0.0239583333 0.0416666667
4 0.3770833333 0.3837962963 0.0244791667 0.0435185185
0 0.3111979167 0.5782407407 0.0234375000 0.0407407407
1 0.2906250000 0.3092592593 0.0239583333 0.0416666667
4 0.2638020833 0.5106481481 0.0234375000 0.0425925926
3 0.2408854167 0.5185185185 0.0255208333 0.0425925926
4 0.2531250000 0.5736111111 0.0244791667 0.0416666667
3 0.1973958333 0.8287037037 0.0239583333 0.0416666667
4 0.1177083333 0.2560185185 0.0255208333 0.0425925926
3 0.1132812500 0.6870370370 0.0250000000 0.0407407407
2 0.0648437500 0.6861111111 0.0072916667 0.0129629630
2 0.0658854167 0.5009259259 0.0072916667 0.0129629630
2 0.0664062500 0.3129629630 0.0072916667 0.0129629630
2 0.1945312500 0.0865740741 0.0072916667 0.0129629630
2 0.2994791667 0.0888888889 0.0072916667 0.0129629630
2 0.4031250000 0.0888888889 0.0072916667 0.0129629630
2 0.6098958333 0.0879629630 0.0072916667 0.0129629630
2 0.7138020833 0.0856481481 0.0072916667 0.0129629630
2 0.8190104167 0.0851851852 0.0072916667 0.0129629630
2 0.9494791667 0.3138888889 0.0072916667 0.0129629630
2 0.9500000000 0.4995370370 0.0072916667 0.0129629630
2 0.9507812500 0.6870370370 0.0072916667 0.0129629630
2 0.8208333333 0.9162037037 0.0072916667 0.0129629630
2 0.7151041667 0.9152777778 0.0072916667 0.0129629630
2 0.6111979167 0.9143518519 0.0072916667 0.0129629630
2 0.4028645833 0.9157407407 0.0072916667 0.0129629630
2 0.2979166667 0.9162037037 0.0072916667 0.0129629630
2 0.1932291667 0.9171296296 0.0072916667 0.0129629630
