3 0.6427083333 0.3259259259 0.0197916667 0.0314814815
3 0.6833333333 0.3504629630 0.0197916667 0.0324074074
4 0.6973958333 0.5912037037 0.0234375000 0.0398148148
3 0.6973958333 0.7240740741 0.0244791667 0.0296296296
3 0.5794270833 0.4643518519 0.0218750000 0.0361111111
3 0.5302083333 0.4342592593 0.0208333333 0.0342592593
1 0.5424479167 0.5675925926 0.0234375000 0.0379629630
3 0.3958333333 0.3842592593 0.0208333333 0.0333333333
4 0.3940104167 0.6518518519 0.0244791667 0.0407407407
0 0.3505208333 0.5689814815 0.0239583333 0.0351851852
3 0.2638020833 0.4425925926 0.0213541667 0.0361111111
4 0.2341145833 0.6629629630 0.0250000000 0.0407407407
2 0.3500000000 0.7583333333 0.0088541667 0.0138888889
2 0.4968750000 0.7583333333 0.0088541667 0.0138888889
2 0.6434895833 0.7587962963 0.0088541667 0.0138888889
2 0.8111979167 0.6472222222 0.0093750000 0.0148148148
2 0.7960937500 0.5694444444 0.0093750000 0.0148148148
2 0.7841145833 0.4981481481 0.0093750000 0.0148148148
2 0.1830729167 0.6449074074 0.0078125000 0.0129629630
2 0.1981770833 0.5652777778 0.0078125000 0.0129629630
2 0.2122395833 0.4944444444 0.0078125000 0.0129629630
2 0.7609375000 0.3731481481 0.0057291667 0.0092592593
2 0.7505208333 0.3175925926 0.0057291667 0.0092592593
2 0.7411458333 0.2671296296 0.0057291667 0.0092592593
2 0.2361979167 0.3703703704 0.0062500000 0.0101851852
2 0.2471354167 0.3148148148 0.0062500000 0.0101851852
2 0.2562500000 0.2634259259 0.0062500000 0.0101851852
2 0.3981770833 0.2046296296 0.0072916667 0.0111111111
2 0.4992187500 0.2050925926 0.0072916667 0.0111111111
2 0.6005208333 0.2060185185 0.0072916667 0.0111111111
