4 0.7039062500 0.3125000000 0.0161458333 0.0259259259
3 0.6791666667 0.3587962963 0.0151041667 0.0240740741
0 0.7026041667 0.5069444444 0.0151041667 0.0240740741
3 0.6388020833 0.6185185185 0.0145833333 0.0231481481
3 0.6143229167 0.4842592593 0.0151041667 0.0240740741
3 0.5598958333 0.2879629630 0.0151041667 0.0250000000
3 0.4583333333 0.2537037037 0.0151041667 0.0240740741
4 0.4682291667 0.3115740741 0.0151041667 0.0259259259
1 0.4598958333 0.5523148148 0.0156250000 0.0250000000
4 0.3747395833 0.3000000000 0.0156250000 0.0240740741
4 0.2596354167 0.5597222222 0.0151041667 0.0231481481
3 0.2007812500 0.3273148148 0.0166666667 0.0240740741
2 0.1385416667 0.6430555556 0.0072916667 0.0120370370
2 0.1382812500 0.5055555556 0.0072916667 0.0120370370
2 0.1377604167 0.3699074074 0.0072916667 0.0120370370
2 0.8648437500 0.6416666667 0.0062500000 0.0101851852
2 0.8656250000 0.5060185185 0.0062500000 0.0101851852
2 0.8661458333 0.3699074074 0.0062500000 0.0101851852
2 0.2476562500 0.8143518519 0.0046875000 0.0074074074
2 0.3328125000 0.8148148148 0.0046875000 0.0074074074
2 0.4179687500 0.8148148148 0.0046875000 0.0074074074
2 0.5861979167 0.8152777778 0.0046875000 0.0074074074
2 0.6713541667 0.8152777778 0.0046875000 0.0074074074
2 0.7552083333 0.8134259259 0.0046875000 0.0074074074
2 0.2466145833 0.1949074074 0.0057291667 0.0092592593
2 0.3320312500 0.1949074074 0.0057291667 0.0092592593
2 0.4169270833 0.1944444444 0.0057291667 0.0092592593
2 0.5872395833 0.1930555556 0.0067708333 0.0111111111
2 0.6731770833 0.1944444444 0.0067708333 0.0111111111
2 0.7578125000 0.1958333333 0.0067708333 0.0111111111
