3 0.6356770833 0.2462962963 0.0182291667 0.0296296296
4 0.4546875000 0.2782407407 0.0192708333 0.0296296296
1 0.5799479167 0.3453703704 0.0197916667 0.0324074074
3 0.7151041667 0.4092592593 0.0208333333 0.0342592593
3 0.6958333333 0.4842592593 0.0223958333 0.0361111111
4 0.7674479167 0.7287037037 0.0244791667 0.0324074074
4 0.6867187500 0.6064814815 0.0234375000 0.0388888889
3 0.6398437500 0.5837962963 0.0234375000 0.0379629630
3 0.5174479167 0.5277777778 0.0229166667 0.0370370370
0 0.4958333333 0.6050925926 0.0239583333 0.0388888889
3 0.3893229167 0.5476851852 0.0229166667 0.0361111111
2 0.3500000000 0.7564814815 0.0083333333 0.0129629630
2 0.4971354167 0.7578703704 0.0083333333 0.0129629630
2 0.6434895833 0.7587962963 0.0083333333 0.0129629630
2 0.8109375000 0.6462962963 0.0098958333 0.0157407407
2 0.7966145833 0.5685185185 0.0098958333 0.0157407407
2 0.7843750000 0.4976851852 0.0098958333 0.0157407407
2 0.1835937500 0.6439814815 0.0067708333 0.0111111111
2 0.1979166667 0.5652777778 0.0067708333 0.0111111111
2 0.2125000000 0.4949074074 0.0067708333 0.0111111111
2 0.7614583333 0.3731481481 0.0062500000 0.0101851852
2 0.7502604167 0.3180555556 0.0062500000 0.0101851852
2 0.7411458333 0.2666666667 0.0062500000 0.0101851852
2 0.2359375000 0.3703703704 0.0057291667 0.0092592593
2 0.2468750000 0.3148148148 0.0057291667 0.0092592593
2 0.2567708333 0.2634259259 0.0057291667 0.0092592593
2 0.3973958333 0.2046296296 0.0057291667 0.0092592593
2 0.4986979167 0.2050925926 0.0057291667 0.0092592593
2 0.6007812500 0.2060185185 0.0057291667 0.0092592593
