4 0.2817708333 0.4291666667 0.0208333333 0.0361111111
3 0.4960937500 0.2509259259 0.0182291667 0.0305555556
3 0.6643229167 0.4092592593 0.0208333333 0.0333333333
3 0.7325520833 0.4759259259 0.0223958333 0.0342592593
3 0.6932291667 0.5037037037 0.0223958333 0.0342592593
0 0.4148437500 0.4703703704 0.0218750000 0.0351851852
3 0.4591145833 0.6333333333 0.0244791667 0.0398148148
1 0.4914062500 0.6907407407 0.0250000000 0.0416666667
3 0.3557291667 0.5791666667 0.0229166667 0.0388888889
4 0.3794270833 0.7180555556 0.0255208333 0.0361111111
3 0.2981770833 0.6921296296 0.0255208333 0.0407407407
2 0.3494791667 0.7583333333 0.0078125000 0.0129629630
2 0.4971354167 0.7574074074 0.0078125000 0.0129629630
2 0.6440104167 0.7583333333 0.0078125000 0.0129629630
2 0.8109375000 0.6476851852 0.0072916667 0.0120370370
2 0.7968750000 0.5694444444 0.0072916667 0.0120370370
2 0.7841145833 0.4981481481 0.0072916667 0.0120370370
2 0.1835937500 0.6439814815 0.0062500000 0.0101851852
2 0.1984375000 0.5657407407 0.0062500000 0.0101851852
2 0.2125000000 0.4949074074 0.0062500000 0.0101851852
2 0.2359375000 0.3703703704 0.0083333333 0.0129629630
2 0.2468750000 0.3138888889 0.0083333333 0.0129629630
2 0.2570312500 0.2648148148 0.0083333333 0.0129629630
2 0.7411458333 0.2662037037 0.0067708333 0.0111111111
2 0.7513020833 0.3175925926 0.0067708333 0.0111111111
2 0.7609375000 0.3722222222 0.0067708333 0.0111111111
2 0.3976562500 0.2050925926 0.0052083333 0.0083333333
2 0.4989583333 0.2050925926 0.0052083333 0.0083333333
2 0.6002604167 0.2064814815 0.0052083333 0.0083333333
