4 0.8200520833 0.6162037037 0.0156250000 0.0240740741
3 0.7921875000 0.6962962963 0.0161458333 0.0240740741
3 0.7333333333 0.5435185185 0.0156250000 0.0240740741
4 0.6588541667 0.2518518519 0.0156250000 0.0259259259
3 0.5848958333 0.2930555556 0.0145833333 0.0250000000
4 0.7140625000 0.4791666667 0.0161458333 0.0259259259
3 0.6755208333 0.6523148148 0.0151041667 0.0259259259
4 0.4895833333 0.7518518519 0.0145833333 0.0250000000
0 0.5429687500 0.5972222222 0.0151041667 0.0240740741
1 0.5062500000 0.5000000000 0.0156250000 0.0250000000
3 0.5489583333 0.2458333333 0.0140625000 0.0250000000
3 0.4596354167 0.3129629630 0.0151041667 0.0240740741
3 0.2088541667 0.5083333333 0.0151041667 0.0231481481
2 0.1390625000 0.6407407407 0.0067708333 0.0111111111
2 0.1388020833 0.5060185185 0.0067708333 0.0111111111
2 0.1377604167 0.3689814815 0.0067708333 0.0111111111
2 0.8648437500 0.6412037037 0.0072916667 0.0111111111
2 0.8661458333 0.5064814815 0.0072916667 0.0111111111
2 0.8664062500 0.3694444444 0.0072916667 0.0111111111
2 0.2479166667 0.8143518519 0.0052083333 0.0083333333
2 0.3330729167 0.8143518519 0.0052083333 0.0083333333
2 0.4177083333 0.8148148148 0.0052083333 0.0083333333
2 0.5864583333 0.8148148148 0.0046875000 0.0074074074
2 0.6708333333 0.8148148148 0.0046875000 0.0074074074
2 0.7557291667 0.8148148148 0.0046875000 0.0074074074
2 0.2463541667 0.1949074074 0.0046875000 0.0074074074
2 0.3315104167 0.1944444444 0.0046875000 0.0074074074
2 0.4171875000 0.1939814815 0.0046875000 0.0074074074
2 0.5877604167 0.1939814815 0.0057291667 0.0092592593
2 0.6721354167 0.1944444444 0.0057291667 0.0092592593
2 0.7580729167 0.1953703704 0.0057291667 0.0092592593
