4 0.6184895833 0.2398148148 0.0187500000 0.0314814815
4 0.6575520833 0.3291666667 0.0197916667 0.0324074074
3 0.4966145833 0.2500000000 0.0182291667 0.0305555556
1 0.3445312500 0.3564814815 0.0197916667 0.0351851852
3 0.6638020833 0.4097222222 0.0208333333 0.0342592593
0 0.4151041667 0.4699074074 0.0218750000 0.0351851852
4 0.2815104167 0.4291666667 0.0213541667 0.0361111111
3 0.7325520833 0.4768518519 0.0223958333 0.0370370370
3 0.6929687500 0.5041666667 0.0223958333 0.0351851852
4 0.7403645833 0.5666666667 0.0229166667 0.0388888889
4 0.5234375000 0.6152777778 0.0234375000 0.0388888889
3 0.4593750000 0.6324074074 0.0244791667 0.0388888889
3 0.3554687500 0.5791666667 0.0234375000 0.0388888889
4 0.3796875000 0.7180555556 0.0250000000 0.0361111111
3 0.2986979167 0.6921296296 0.0255208333 0.0407407407
2 0.3489583333 0.7564814815 0.0083333333 0.0129629630
2 0.4968750000 0.7574074074 0.0083333333 0.0129629630
2 0.6440104167 0.7587962963 0.0083333333 0.0129629630
2 0.8106770833 0.6462962963 0.0072916667 0.0120370370
2 0.7966145833 0.5680555556 0.0072916667 0.0120370370
2 0.7838541667 0.4981481481 0.0072916667 0.0120370370
2 0.1835937500 0.6439814815 0.0067708333 0.0111111111
2 0.1984375000 0.5648148148 0.0067708333 0.0111111111
2 0.2122395833 0.4944444444 0.0067708333 0.0111111111
2 0.7406250000 0.2666666667 0.0083333333 0.0129629630
2 0.7510416667 0.3180555556 0.0083333333 0.0129629630
2 0.7601562500 0.3722222222 0.0083333333 0.0129629630
2 0.2361979167 0.3703703704 0.0067708333 0.0111111111
2 0.2471354167 0.3152777778 0.0067708333 0.0111111111
2 0.2562500000 0.2638888889 0.0067708333 0.0111111111
2 0.3979166667 0.2046296296 0.0057291667 0.0092592593
2 0.4992187500 0.2055555556 0.0057291667 0.0092592593
2 0.6007812500 0.2078703704 0.0057291667 0.0092592593
