3 0.7416666667 0.7305555556 0.0151041667 0.0231481481
3 0.7604166667 0.5416666667 0.0145833333 0.0240740741
3 0.7690104167 0.3115740741 0.0156250000 0.0250000000
0 0.6671875000 0.2958333333 0.0151041667 0.0240740741
3 0.5338541667 0.5305555556 0.0151041667 0.0240740741
4 0.4799479167 0.6564814815 0.0156250000 0.0259259259
4 0.3942708333 0.5981481481 0.0156250000 0.0250000000
1 0.3382812500 0.6745370370 0.0161458333 0.0259259259
4 0.3132812500 0.6041666667 0.0156250000 0.0240740741
3 0.3317708333 0.3023148148 0.0156250000 0.0259259259
4 0.1794270833 0.4754629630 0.0161458333 0.0240740741
3 0.1916666667 0.4175925926 0.0161458333 0.0250000000
2 0.1385416667 0.6416666667 0.0072916667 0.0120370370
2 0.1388020833 0.5064814815 0.0072916667 0.0120370370
2 0.1380208333 0.3703703704 0.0072916667 0.0120370370
2 0.8648437500 0.6412037037 0.0067708333 0.0101851852
2 0.8651041667 0.5060185185 0.0067708333 0.0101851852
2 0.8661458333 0.3699074074 0.0067708333 0.0101851852
2 0.2486979167 0.8143518519 0.0083333333 0.0138888889
2 0.3330729167 0.8148148148 0.0083333333 0.0138888889
2 0.4171875000 0.8157407407 0.0083333333 0.0138888889
2 0.5867187500 0.8148148148 0.0057291667 0.0092592593
2 0.6713541667 0.8143518519 0.0057291667 0.0092592593
2 0.7559895833 0.8148148148 0.0057291667 0.0092592593
2 0.2468750000 0.1939814815 0.0072916667 0.0120370370
2 0.3312500000 0.1953703704 0.0072916667 0.0120370370
2 0.4166666667 0.1939814815 0.0072916667 0.0120370370
2 0.5875000000 0.1944444444 0.0052083333 0.0083333333
2 0.6726562500 0.1944444444 0.0052083333 0.0083333333
2 0.7578125000 0.1949074074 0.0052083333 0.0083333333
