3 0.7416666667 0.7305555556 0.0151041667 0.0231481481
3 0.7606770833 0.5421296296 0.0151041667 0.0231481481
3 0.7687500000 0.3125000000 0.0151041667 0.0250000000
1 0.6692708333 0.4148148148 0.0156250000 0.0250000000
0 0.6671875000 0.2962962963 0.0151041667 0.0240740741
4 0.5578125000 0.7152777778 0.0151041667 0.0250000000
4 0.5406250000 0.2907407407 0.0151041667 0.0259259259
3 0.5335937500 0.5305555556 0.0145833333 0.0231481481
4 0.4802083333 0.6560185185 0.0156250000 0.0259259259
4 0.3942708333 0.5986111111 0.0156250000 0.0259259259
4 0.3135416667 0.6046296296 0.0156250000 0.0250000000
3 0.3317708333 0.3018518519 0.0151041667 0.0259259259
4 0.1796875000 0.4754629630 0.0161458333 0.0231481481
3 0.1919270833 0.4175925926 0.0161458333 0.0240740741
2 0.1390625000 0.6425925926 0.0057291667 0.0092592593
2 0.1388020833 0.5055555556 0.0057291667 0.0092592593
2 0.1377604167 0.3703703704 0.0057291667 0.0092592593
2 0.8651041667 0.6421296296 0.0057291667 0.0083333333
2 0.8656250000 0.5060185185 0.0057291667 0.0083333333
2 0.8658854167 0.3694444444 0.0057291667 0.0083333333
2 0.2481770833 0.8143518519 0.0083333333 0.0129629630
2 0.3328125000 0.8152777778 0.0083333333 0.0129629630
2 0.4177083333 0.8157407407 0.0083333333 0.0129629630
2 0.5861979167 0.8148148148 0.0057291667 0.0092592593
2 0.6716145833 0.8148148148 0.0057291667 0.0092592593
2 0.7554687500 0.8148148148 0.0057291667 0.0092592593
2 0.2468750000 0.1935185185 0.0067708333 0.0111111111
2 0.3317708333 0.1949074074 0.0067708333 0.0111111111
2 0.4177083333 0.1935185185 0.0067708333 0.0111111111
2 0.5875000000 0.1935185185 0.0052083333 0.0083333333
2 0.6723958333 0.1944444444 0.0052083333 0.0083333333
2 0.7580729167 0.1944444444 0.0052083333 0.0083333333
