3 0.1731770833 0.2662037037 0.0161458333 0.0250000000
3 0.7416666667 0.7300925926 0.0151041667 0.0231481481
4 0.7700520833 0.2462962963 0.0156250000 0.0240740741
3 0.7684895833 0.3120370370 0.0156250000 0.0250000000
3 0.7247395833 0.3662037037 0.0151041667 0.0250000000
0 0.6671875000 0.2958333333 0.0151041667 0.0240740741
4 0.6091145833 0.2814814815 0.0151041667 0.0240740741
4 0.6138020833 0.4754629630 0.0156250000 0.0250000000
4 0.5278645833 0.7509259259 0.0151041667 0.0240740741
3 0.5335937500 0.5310185185 0.0145833333 0.0240740741
4 0.5406250000 0.2902777778 0.0156250000 0.0250000000
4 0.3940104167 0.5986111111 0.0156250000 0.0259259259
1 0.3510416667 0.2800925926 0.0161458333 0.0259259259
3 0.3320312500 0.3018518519 0.0156250000 0.0250000000
3 0.1916666667 0.4171296296 0.0161458333 0.0240740741
4 0.1794270833 0.4750000000 0.0161458333 0.0240740741
2 0.7559895833 0.8148148148 0.0057291667 0.0092592593
2 0.6710937500 0.8152777778 0.0057291667 0.0092592593
2 0.5864583333 0.8148148148 0.0057291667 0.0092592593
2 0.4179687500 0.8152777778 0.0062500000 0.0101851852
2 0.3325520833 0.8143518519 0.0062500000 0.0101851852
2 0.2481770833 0.8157407407 0.0062500000 0.0101851852
2 0.1388020833 0.6421296296 0.0062500000 0.0092592593
2 0.1377604167 0.5050925926 0.0062500000 0.0092592593
2 0.1380208333 0.3694444444 0.0062500000 0.0092592593
2 0.8656250000 0.6416666667 0.0062500000 0.0101851852
2 0.8656250000 0.5055555556 0.0062500000 0.0101851852
2 0.8656250000 0.3703703704 0.0062500000 0.0101851852
2 0.2463541667 0.1953703704 0.0062500000 0.0092592593
2 0.3320312500 0.1939814815 0.0062500000 0.0092592593
2 0.4174479167 0.1953703704 0.0062500000 0.0092592593
2 0.5877604167 0.1949074074 0.0072916667 0.0120370370
2 0.6726562500 0.1939814815 0.0072916667 0.0120370370
2 0.7578125000 0.1953703704 0.0072916667 0.0120370370
