3 0.7692708333 0.5787037037 0.0213541667 0.0342592593
0 0.6812500000 0.5143518519 0.0192708333 0.0314814815
3 0.6140625000 0.6435185185 0.0223958333 0.0370370370
3 0.4536458333 0.6962962963 0.0239583333 0.0398148148
3 0.4338541667 0.4986111111 0.0187500000 0.0305555556
3 0.4401041667 0.3694444444 0.0151041667 0.0259259259
4 0.3158854167 0.4981481481 0.0187500000 0.0305555556
4 0.3044270833 0.4439814815 0.0177083333 0.0287037037
3 0.3070312500 0.3384259259 0.0145833333 0.0240740741
4 0.2700520833 0.3425925926 0.0145833333 0.0240740741
4 0.2580729167 0.4106481481 0.0166666667 0.0268518519
1 0.2216145833 0.4379629630 0.0177083333 0.0287037037
2 0.6533854167 0.7625000000 0.0078125000 0.0129629630
2 0.7539062500 0.7060185185 0.0078125000 0.0129629630
2 0.8437500000 0.6569444444 0.0078125000 0.0129629630
2 0.8223958333 0.5319444444 0.0062500000 0.0101851852
2 0.7408854167 0.4861111111 0.0062500000 0.0101851852
2 0.6682291667 0.4458333333 0.0062500000 0.0101851852
2 0.3958333333 0.7324074074 0.0088541667 0.0148148148
2 0.3244791667 0.6583333333 0.0088541667 0.0148148148
2 0.2638020833 0.5958333333 0.0088541667 0.0148148148
2 0.1679687500 0.4944444444 0.0052083333 0.0083333333
2 0.1270833333 0.4523148148 0.0052083333 0.0083333333
2 0.0914062500 0.4148148148 0.0052083333 0.0083333333
2 0.5471354167 0.3763888889 0.0052083333 0.0083333333
2 0.4945312500 0.3481481481 0.0052083333 0.0083333333
2 0.4473958333 0.3217592593 0.0052083333 0.0083333333
2 0.1583333333 0.3462962963 0.0052083333 0.0083333333
2 0.2359375000 0.3282407407 0.0052083333 0.0083333333
2 0.3083333333 0.3106481481 0.0052083333 0.0083333333
