3 0.8898437500 0.4120370370 0.0255208333 0.0425925926
4 0.8765625000 0.2916666667 0.0260416667 0.0425925926
3 0.8570312500 0.3254629630 0.0250000000 0.0425925926
4 0.7755208333 0.3597222222 0.0244791667 0.0425925926
1 0.7664062500 0.7666666667 0.0239583333 0.0416666667
4 0.4648437500 0.4689814815 0.0234375000 0.0425925926
3 0.3963541667 0.7296296296 0.0239583333 0.0416666667
0 0.3494791667 0.5731481481 0.0234375000 0.0416666667
3 0.2437500000 0.3092592593 0.0239583333 0.0416666667
4 0.2223958333 0.2902777778 0.0244791667 0.0425925926
2 0.0640625000 0.6865740741 0.0072916667 0.0129629630
2 0.0661458333 0.5004629630 0.0072916667 0.0129629630
2 0.0661458333 0.3134259259 0.0072916667 0.0129629630
2 0.1945312500 0.0870370370 0.0072916667 0.0129629630
2 0.2989583333 0.0893518519 0.0072916667 0.0129629630
2 0.4023437500 0.0884259259 0.0072916667 0.0129629630
2 0.6098958333 0.0879629630 0.0072916667 0.0129629630
2 0.7138020833 0.0856481481 0.0072916667 0.0129629630
2 0.8187500000 0.0861111111 0.0072916667 0.0129629630
2 0.9492187500 0.3129629630 0.0072916667 0.0129629630
2 0.9500000000 0.5004629630 0.0072916667 0.0129629630
2 0.9507812500 0.6861111111 0.0072916667 0.0129629630
2 0.8208333333 0.9152777778 0.0072916667 0.0129629630
2 0.7161458333 0.9157407407 0.0072916667 0.0129629630
2 0.6119791667 0.9143518519 0.0072916667 0.0129629630
2 0.4031250000 0.9152777778 0.0072916667 0.0129629630
2 0.2979166667 0.9157407407 0.0072916667 0.0129629630
2 0.1929687500 0.9171296296 0.0072916667 0.0129629630
