3 0.5140625000 0.2513888889 0.0182291667 0.0296296296
3 0.4515625000 0.2537037037 0.0182291667 0.0287037037
3 0.5382812500 0.3231481481 0.0192708333 0.0333333333
3 0.3434895833 0.3592592593 0.0203125000 0.0333333333
3 0.2846354167 0.4074074074 0.0208333333 0.0333333333
3 0.4638020833 0.4606481481 0.0213541667 0.0351851852
1 0.6914062500 0.5268518519 0.0229166667 0.0370370370
0 0.5447916667 0.5898148148 0.0234375000 0.0388888889
2 0.3494791667 0.7574074074 0.0088541667 0.0138888889
2 0.4971354167 0.7583333333 0.0088541667 0.0138888889
2 0.6440104167 0.7578703704 0.0088541667 0.0138888889
2 0.8111979167 0.6472222222 0.0083333333 0.0129629630
2 0.7963541667 0.5694444444 0.0083333333 0.0129629630
2 0.7835937500 0.4981481481 0.0083333333 0.0129629630
2 0.1833333333 0.6435185185 0.0072916667 0.0111111111
2 0.1992187500 0.5662037037 0.0072916667 0.0111111111
2 0.2119791667 0.4953703704 0.0072916667 0.0111111111
2 0.2361979167 0.3699074074 0.0062500000 0.0101851852
2 0.2471354167 0.3143518519 0.0062500000 0.0101851852
2 0.2567708333 0.2638888889 0.0062500000 0.0101851852
2 0.7606770833 0.3726851852 0.0062500000 0.0101851852
2 0.7505208333 0.3180555556 0.0062500000 0.0101851852
2 0.7408854167 0.2666666667 0.0062500000 0.0101851852
2 0.3976562500 0.2046296296 0.0057291667 0.0092592593
2 0.4989583333 0.2055555556 0.0057291667 0.0092592593
2 0.6005208333 0.2055555556 0.0057291667 0.0092592593
