1 0.5848958333 0.6337962963 0.0161458333 0.0277777778
3 0.4359375000 0.5921296296 0.0145833333 0.0240740741
3 0.3625000000 0.5324074074 0.0130208333 0.0203703704
3 0.2945312500 0.5125000000 0.0119791667 0.0194444444
3 0.2601562500 0.5212962963 0.0125000000 0.0203703704
3 0.2828125000 0.5745370370 0.0145833333 0.0231481481
3 0.2877604167 0.6037037037 0.0151041667 0.0240740741
2 0.6648437500 0.7328703704 0.0067708333 0.0111111111
2 0.7294270833 0.6967592593 0.0067708333 0.0111111111
2 0.7854166667 0.6648148148 0.0067708333 0.0111111111
2 0.7460937500 0.5953703704 0.0067708333 0.0111111111
2 0.6773437500 0.5712962963 0.0067708333 0.0111111111
2 0.6156250000 0.5532407407 0.0067708333 0.0111111111
2 0.4596354167 0.7273148148 0.0088541667 0.0138888889
2 0.3893229167 0.6865740741 0.0088541667 0.0138888889
2 0.3289062500 0.6523148148 0.0088541667 0.0138888889
2 0.2315104167 0.5958333333 0.0072916667 0.0111111111
2 0.1893229167 0.5731481481 0.0072916667 0.0111111111
2 0.1531250000 0.5513888889 0.0072916667 0.0111111111
2 0.1963541667 0.5097222222 0.0057291667 0.0092592593
2 0.2565104167 0.4958333333 0.0057291667 0.0092592593
2 0.3111979167 0.4847222222 0.0057291667 0.0092592593
2 0.5106770833 0.5171296296 0.0041666667 0.0064814815
2 0.4645833333 0.5009259259 0.0041666667 0.0064814815
2 0.4226562500 0.4875000000 0.0041666667 0.0064814815
