4 0.6739583333 0.2879629630 0.0140625000 0.0231481481
4 0.7414062500 0.4532407407 0.0151041667 0.0259259259
0 0.6856770833 0.4569444444 0.0156250000 0.0240740741
4 0.6979166667 0.5388888889 0.0161458333 0.0250000000
4 0.6494791667 0.5935185185 0.0151041667 0.0231481481
3 0.5304687500 0.5439814815 0.0140625000 0.0240740741
3 0.4585937500 0.7518518519 0.0145833333 0.0240740741
3 0.3885416667 0.6907407407 0.0151041667 0.0250000000
4 0.4276041667 0.5143518519 0.0156250000 0.0240740741
1 0.4330729167 0.4277777778 0.0156250000 0.0250000000
4 0.4937500000 0.2370370370 0.0156250000 0.0240740741
3 0.3304687500 0.4574074074 0.0151041667 0.0240740741
3 0.2140625000 0.5662037037 0.0166666667 0.0240740741
3 0.2114583333 0.4856481481 0.0156250000 0.0231481481
4 0.1739583333 0.2375000000 0.0166666667 0.0250000000
2 0.2484375000 0.8143518519 0.0062500000 0.0101851852
2 0.3333333333 0.8143518519 0.0062500000 0.0101851852
2 0.4174479167 0.8152777778 0.0062500000 0.0101851852
2 0.5864583333 0.8143518519 0.0052083333 0.0083333333
2 0.6710937500 0.8152777778 0.0052083333 0.0083333333
2 0.7554687500 0.8148148148 0.0052083333 0.0083333333
2 0.8658854167 0.5064814815 0.0072916667 0.0120370370
2 0.8651041667 0.6416666667 0.0072916667 0.0120370370
2 0.8658854167 0.3699074074 0.0072916667 0.0120370370
2 0.6723958333 0.1944444444 0.0052083333 0.0083333333
2 0.7580729167 0.1944444444 0.0052083333 0.0083333333
2 0.5877604167 0.1939814815 0.0052083333 0.0083333333
2 0.2466145833 0.1953703704 0.0072916667 0.0111111111
2 0.3312500000 0.1949074074 0.0072916667 0.0111111111
2 0.4171875000 0.1944444444 0.0072916667 0.0111111111
2 0.1382812500 0.6402777778 0.0083333333 0.0129629630
2 0.1380208333 0.5055555556 0.0083333333 0.0129629630
2 0.1380208333 0.3694444444 0.0083333333 0.0129629630
