4 0.6981770833 0.5388888889 0.0161458333 0.0250000000
4 0.6494791667 0.5939814815 0.0151041667 0.0240740741
0 0.6856770833 0.4569444444 0.0156250000 0.0231481481
3 0.5304687500 0.5444444444 0.0145833333 0.0240740741
4 0.7411458333 0.4537037037 0.0156250000 0.0250000000
4 0.4937500000 0.2375000000 0.0151041667 0.0250000000
3 0.4583333333 0.7523148148 0.0145833333 0.0240740741
4 0.6739583333 0.2879629630 0.0145833333 0.0231481481
1 0.4330729167 0.4273148148 0.0156250000 0.0250000000
4 0.4278645833 0.5148148148 0.0156250000 0.0250000000
3 0.3882812500 0.6907407407 0.0151041667 0.0240740741
3 0.3304687500 0.4569444444 0.0151041667 0.0240740741
3 0.2153645833 0.5625000000 0.0156250000 0.0240740741
3 0.2111979167 0.4861111111 0.0140625000 0.0231481481
4 0.1739583333 0.2375000000 0.0166666667 0.0250000000
2 0.8643229167 0.6430555556 0.0093750000 0.0148148148
2 0.8658854167 0.5050925926 0.0093750000 0.0148148148
2 0.8653645833 0.3699074074 0.0093750000 0.0148148148
2 0.5861979167 0.8162037037 0.0067708333 0.0111111111
2 0.6710937500 0.8152777778 0.0067708333 0.0111111111
2 0.7559895833 0.8148148148 0.0067708333 0.0111111111
2 0.5875000000 0.1939814815 0.0057291667 0.0092592593
2 0.6726562500 0.1935185185 0.0057291667 0.0092592593
2 0.7580729167 0.1949074074 0.0057291667 0.0092592593
2 0.2484375000 0.8148148148 0.0052083333 0.0083333333
2 0.3333333333 0.8143518519 0.0052083333 0.0083333333
2 0.4179687500 0.8143518519 0.0052083333 0.0083333333
2 0.1382812500 0.6402777778 0.0072916667 0.0120370370
2 0.1382812500 0.5041666667 0.0072916667 0.0120370370
2 0.1380208333 0.3699074074 0.0072916667 0.0120370370
2 0.2466145833 0.1944444444 0.0052083333 0.0083333333
2 0.3315104167 0.1939814815 0.0052083333 0.0083333333
2 0.4171875000 0.1935185185 0.0052083333 0.0083333333
