4 0.6838541667 0.2333333333 0.0192708333 0.0305555556
0 0.7312500000 0.5402777778 0.0234375000 0.0361111111
3 0.5994791667 0.4300925926 0.0208333333 0.0351851852
4 0.3963541667 0.7013888889 0.0255208333 0.0425925926
4 0.4065104167 0.6254629630 0.0239583333 0.0388888889
1 0.2940104167 0.5754629630 0.0239583333 0.0379629630
3 0.2919270833 0.4578703704 0.0218750000 0.0342592593
2 0.3497395833 0.7574074074 0.0078125000 0.0129629630
2 0.4966145833 0.7592592593 0.0078125000 0.0129629630
2 0.6437500000 0.7583333333 0.0078125000 0.0129629630
2 0.8111979167 0.6476851852 0.0093750000 0.0148148148
2 0.7958333333 0.5699074074 0.0093750000 0.0148148148
2 0.7841145833 0.4986111111 0.0093750000 0.0148148148
2 0.7609375000 0.3736111111 0.0067708333 0.0101851852
2 0.7507812500 0.3180555556 0.0067708333 0.0101851852
2 0.7408854167 0.2680555556 0.0067708333 0.0101851852
2 0.3973958333 0.2046296296 0.0072916667 0.0111111111
2 0.4992187500 0.2055555556 0.0072916667 0.0111111111
2 0.6002604167 0.2064814815 0.0072916667 0.0111111111
2 0.1838541667 0.6449074074 0.0098958333 0.0157407407
2 0.1989583333 0.5662037037 0.0098958333 0.0157407407
2 0.2125000000 0.4935185185 0.0098958333 0.0157407407
2 0.2361979167 0.3703703704 0.0057291667 0.0092592593
2 0.2468750000 0.3148148148 0.0057291667 0.0092592593
2 0.2562500000 0.2643518519 0.0057291667 0.0092592593
