4 0.6835937500 0.2337962963 0.0192708333 0.0314814815
0 0.7315104167 0.5402777778 0.0234375000 0.0370370370
3 0.6526041667 0.3347222222 0.0197916667 0.0324074074
3 0.6106770833 0.3828703704 0.0208333333 0.0342592593
3 0.5994791667 0.4300925926 0.0213541667 0.0351851852
3 0.4963541667 0.3291666667 0.0197916667 0.0324074074
3 0.2919270833 0.4583333333 0.0218750000 0.0342592593
1 0.2708333333 0.5069444444 0.0223958333 0.0361111111
4 0.2669270833 0.5643518519 0.0234375000 0.0388888889
3 0.2963541667 0.5916666667 0.0239583333 0.0388888889
4 0.4070312500 0.6254629630 0.0239583333 0.0370370370
4 0.5028645833 0.6606481481 0.0244791667 0.0398148148
4 0.4549479167 0.6787037037 0.0250000000 0.0416666667
3 0.3841145833 0.7097222222 0.0260416667 0.0416666667
2 0.3500000000 0.7578703704 0.0078125000 0.0120370370
2 0.4966145833 0.7583333333 0.0078125000 0.0120370370
2 0.6437500000 0.7587962963 0.0078125000 0.0120370370
2 0.8114583333 0.6476851852 0.0078125000 0.0129629630
2 0.7968750000 0.5699074074 0.0078125000 0.0129629630
2 0.7835937500 0.4976851852 0.0078125000 0.0129629630
2 0.7611979167 0.3731481481 0.0062500000 0.0101851852
2 0.7502604167 0.3162037037 0.0062500000 0.0101851852
2 0.7414062500 0.2671296296 0.0062500000 0.0101851852
2 0.1835937500 0.6444444444 0.0057291667 0.0092592593
2 0.1986979167 0.5662037037 0.0057291667 0.0092592593
2 0.2119791667 0.4944444444 0.0057291667 0.0092592593
2 0.2367187500 0.3708333333 0.0078125000 0.0120370370
2 0.2466145833 0.3157407407 0.0078125000 0.0120370370
2 0.2567708333 0.2643518519 0.0078125000 0.0120370370
2 0.3973958333 0.2037037037 0.0057291667 0.0092592593
2 0.4989583333 0.2055555556 0.0057291667 0.0092592593
2 0.6002604167 0.2064814815 0.0057291667 0.0092592593
