0 0.6630208333 0.4828703704 0.0192708333 0.0314814815
4 0.6250000000 0.6722222222 0.0250000000 0.0416666667
4 0.5458333333 0.6166666667 0.0229166667 0.0379629630
3 0.4218750000 0.6287037037 0.0234375000 0.0388888889
1 0.5013020833 0.4962962963 0.0192708333 0.0324074074
3 0.4747395833 0.4513888889 0.0182291667 0.0296296296
3 0.4210937500 0.4240740741 0.0171875000 0.0287037037
3 0.4213541667 0.3921296296 0.0161458333 0.0268518519
3 0.2739583333 0.5421296296 0.0213541667 0.0342592593
3 0.3085937500 0.4185185185 0.0171875000 0.0277777778
4 0.3523437500 0.3384259259 0.0151041667 0.0240740741
2 0.6726562500 0.7259259259 0.0062500000 0.0101851852
2 0.7721354167 0.6722222222 0.0062500000 0.0101851852
2 0.8578125000 0.6277777778 0.0062500000 0.0101851852
2 0.8239583333 0.5189814815 0.0052083333 0.0083333333
2 0.7367187500 0.4814814815 0.0052083333 0.0083333333
2 0.6601562500 0.4467592593 0.0052083333 0.0083333333
2 0.5302083333 0.3898148148 0.0041666667 0.0064814815
2 0.4742187500 0.3648148148 0.0041666667 0.0064814815
2 0.4234375000 0.3425925926 0.0041666667 0.0064814815
2 0.2786458333 0.3351851852 0.0041666667 0.0064814815
2 0.2054687500 0.3509259259 0.0041666667 0.0064814815
2 0.1250000000 0.3680555556 0.0041666667 0.0064814815
2 0.0585937500 0.4282407407 0.0046875000 0.0074074074
2 0.0986979167 0.4615740741 0.0046875000 0.0074074074
2 0.1440104167 0.4972222222 0.0046875000 0.0074074074
2 0.2528645833 0.5861111111 0.0052083333 0.0083333333
2 0.3205729167 0.6407407407 0.0067708333 0.0111111111
2 0.4005208333 0.7046296296 0.0067708333 0.0111111111
