4 0.7473958333 0.6958333333 0.0250000000 0.0398148148
0 0.7315104167 0.5398148148 0.0223958333 0.0342592593
4 0.6838541667 0.2337962963 0.0192708333 0.0305555556
3 0.6523437500 0.3347222222 0.0197916667 0.0324074074
3 0.6106770833 0.3828703704 0.0208333333 0.0333333333
3 0.5994791667 0.4296296296 0.0213541667 0.0342592593
3 0.4966145833 0.3291666667 0.0197916667 0.0324074074
4 0.5026041667 0.6601851852 0.0244791667 0.0407407407
4 0.4552083333 0.6800925926 0.0250000000 0.0425925926
3 0.3843750000 0.7092592593 0.0255208333 0.0407407407
4 0.4070312500 0.6254629630 0.0239583333 0.0388888889
3 0.2919270833 0.4574074074 0.0218750000 0.0333333333
1 0.3398437500 0.5583333333 0.0234375000 0.0379629630
3 0.2968750000 0.5907407407 0.0239583333 0.0379629630
4 0.2674479167 0.5643518519 0.0234375000 0.0379629630
2 0.3497395833 0.7574074074 0.0078125000 0.0129629630
2 0.4968750000 0.7578703704 0.0078125000 0.0129629630
2 0.6437500000 0.7583333333 0.0078125000 0.0129629630
2 0.8114583333 0.6476851852 0.0067708333 0.0101851852
2 0.7968750000 0.5685185185 0.0067708333 0.0101851852
2 0.7838541667 0.4976851852 0.0067708333 0.0101851852
2 0.1828125000 0.6449074074 0.0062500000 0.0101851852
2 0.1989583333 0.5657407407 0.0062500000 0.0101851852
2 0.2119791667 0.4944444444 0.0062500000 0.0101851852
2 0.2364583333 0.3703703704 0.0067708333 0.0111111111
2 0.2473958333 0.3171296296 0.0067708333 0.0111111111
2 0.2570312500 0.2634259259 0.0067708333 0.0111111111
2 0.3973958333 0.2055555556 0.0046875000 0.0074074074
2 0.4989583333 0.2060185185 0.0057291667 0.0092592593
2 0.6000000000 0.2050925926 0.0057291667 0.0092592593
2 0.7609375000 0.3731481481 0.0067708333 0.0111111111
2 0.7505208333 0.3175925926 0.0067708333 0.0111111111
2 0.7408854167 0.2657407407 0.0067708333 0.0111111111
