4 0.8526041667 0.5333333333 0.0260416667 0.0444444444
4 0.6401041667 0.3240740741 0.0239583333 0.0425925926
3 0.5786458333 0.5263888889 0.0244791667 0.0416666667
3 0.4322916667 0.7643518519 0.0250000000 0.0425925926
3 0.4130208333 0.7231481481 0.0244791667 0.0416666667
4 0.3770833333 0.3833333333 0.0250000000 0.0435185185
0 0.3158854167 0.5777777778 0.0229166667 0.0416666667
4 0.3296875000 0.6509259259 0.0244791667 0.0425925926
4 0.3036458333 0.6217592593 0.0244791667 0.0416666667
3 0.1979166667 0.8287037037 0.0239583333 0.0416666667
1 0.2539062500 0.5578703704 0.0239583333 0.0416666667
3 0.2208333333 0.3097222222 0.0255208333 0.0425925926
4 0.1174479167 0.2550925926 0.0250000000 0.0425925926
2 0.0648437500 0.6870370370 0.0072916667 0.0129629630
2 0.0658854167 0.5009259259 0.0072916667 0.0129629630
2 0.0666666667 0.3143518519 0.0072916667 0.0129629630
2 0.1945312500 0.0875000000 0.0072916667 0.0129629630
2 0.2986979167 0.0879629630 0.0072916667 0.0129629630
2 0.4023437500 0.0888888889 0.0072916667 0.0129629630
2 0.6096354167 0.0875000000 0.0072916667 0.0129629630
2 0.7140625000 0.0861111111 0.0072916667 0.0129629630
2 0.8187500000 0.0861111111 0.0072916667 0.0129629630
2 0.9500000000 0.3134259259 0.0072916667 0.0129629630
2 0.9502604167 0.5000000000 0.0072916667 0.0129629630
2 0.9505208333 0.6875000000 0.0072916667 0.0129629630
2 0.8208333333 0.9152777778 0.0072916667 0.0129629630
2 0.7156250000 0.9148148148 0.0072916667 0.0129629630
2 0.6109375000 0.9143518519 0.0072916667 0.0129629630
2 0.4031250000 0.9148148148 0.0072916667 0.0129629630
2 0.2981770833 0.9152777778 0.0072916667 0.0129629630
2 0.1927083333 0.9171296296 0.0072916667 0.0129629630
