3 0.7992187500 0.4819444444 0.0161458333 0.0240740741
0 0.7619791667 0.5490740741 0.0151041667 0.0231481481
3 0.7184895833 0.4592592593 0.0151041667 0.0231481481
4 0.7070312500 0.4412037037 0.0151041667 0.0240740741
3 0.6544270833 0.3393518519 0.0156250000 0.0240740741
4 0.6179687500 0.2851851852 0.0156250000 0.0250000000
3 0.5260416667 0.7023148148 0.0145833333 0.0240740741
1 0.4283854167 0.3717592593 0.0161458333 0.0259259259
3 0.2984375000 0.3648148148 0.0151041667 0.0240740741
3 0.2830729167 0.4777777778 0.0161458333 0.0250000000
3 0.2059895833 0.6120370370 0.0156250000 0.0231481481
2 0.5864583333 0.8162037037 0.0057291667 0.0092592593
2 0.6716145833 0.8148148148 0.0057291667 0.0092592593
2 0.7559895833 0.8143518519 0.0057291667 0.0092592593
2 0.8653645833 0.6407407407 0.0067708333 0.0111111111
2 0.8653645833 0.5055555556 0.0067708333 0.0111111111
2 0.8669270833 0.3685185185 0.0067708333 0.0111111111
2 0.7583333333 0.1939814815 0.0046875000 0.0074074074
2 0.6729166667 0.1944444444 0.0046875000 0.0074074074
2 0.5869791667 0.1939814815 0.0046875000 0.0074074074
2 0.4179687500 0.8148148148 0.0052083333 0.0083333333
2 0.3328125000 0.8148148148 0.0052083333 0.0083333333
2 0.2481770833 0.8138888889 0.0052083333 0.0083333333
2 0.1393229167 0.6421296296 0.0072916667 0.0120370370
2 0.1385416667 0.5060185185 0.0072916667 0.0120370370
2 0.1377604167 0.3699074074 0.0072916667 0.0120370370
2 0.2463541667 0.1949074074 0.0067708333 0.0111111111
2 0.3317708333 0.1939814815 0.0067708333 0.0111111111
2 0.4174479167 0.1944444444 0.0067708333 0.0111111111
