4 0.7351562500 0.5259259259 0.0239583333 0.0388888889
4 0.7989583333 0.5856481481 0.0265625000 0.0425925926
3 0.7200520833 0.6768518519 0.0296875000 0.0490740741
3 0.7197916667 0.5527777778 0.0250000000 0.0388888889
4 0.6721354167 0.5740740741 0.0260416667 0.0305555556
4 0.6723958333 0.6000000000 0.0250000000 0.0388888889
3 0.6651041667 0.6120370370 0.0276041667 0.0425925926
0 0.6111979167 0.6606481481 0.0296875000 0.0472222222
4 0.4091145833 0.6773148148 0.0302083333 0.0481481481
4 0.3281250000 0.5680555556 0.0255208333 0.0425925926
3 0.3039062500 0.5342592593 0.0244791667 0.0379629630
3 0.4744791667 0.4074074074 0.0187500000 0.0296296296
4 0.4419270833 0.3935185185 0.0177083333 0.0296296296
3 0.3880208333 0.4115740741 0.0187500000 0.0305555556
1 0.2893229167 0.3981481481 0.0187500000 0.0305555556
3 0.2619791667 0.3976851852 0.0187500000 0.0296296296
2 0.6028645833 0.7615740741 0.0119791667 0.0185185185
2 0.7677083333 0.7273148148 0.0119791667 0.0185185185
2 0.9164062500 0.6953703704 0.0119791667 0.0185185185
2 0.9473958333 0.5810185185 0.0062500000 0.0101851852
2 0.8572916667 0.5314814815 0.0062500000 0.0101851852
2 0.7815104167 0.4902777778 0.0062500000 0.0101851852
2 0.2963541667 0.7000000000 0.0072916667 0.0111111111
2 0.2528645833 0.6305555556 0.0072916667 0.0111111111
2 0.2156250000 0.5740740741 0.0072916667 0.0111111111
2 0.1596354167 0.4865740741 0.0067708333 0.0111111111
2 0.1367187500 0.4500000000 0.0067708333 0.0111111111
2 0.1171875000 0.4203703704 0.0067708333 0.0111111111
2 0.2221354167 0.3736111111 0.0057291667 0.0092592593
2 0.3158854167 0.3643518519 0.0057291667 0.0092592593
2 0.4054687500 0.3555555556 0.0057291667 0.0092592593
2 0.5640625000 0.3731481481 0.0041666667 0.0074074074
2 0.6083333333 0.3972222222 0.0041666667 0.0074074074
2 0.6585937500 0.4250000000 0.0041666667 0.0074074074
