4 0.7046875000 0.5324074074 0.0229166667 0.0379629630
4 0.6869791667 0.6194444444 0.0244791667 0.0407407407
3 0.6562500000 0.5634259259 0.0234375000 0.0388888889
4 0.5846354167 0.5833333333 0.0234375000 0.0379629630
4 0.5609375000 0.6101851852 0.0229166667 0.0407407407
3 0.5432291667 0.6203703704 0.0244791667 0.0388888889
3 0.5213541667 0.6990740741 0.0255208333 0.0407407407
0 0.4528645833 0.6620370370 0.0250000000 0.0407407407
4 0.2872395833 0.6402777778 0.0244791667 0.0398148148
4 0.3127604167 0.5046296296 0.0223958333 0.0379629630
3 0.3218750000 0.4578703704 0.0218750000 0.0361111111
3 0.6109375000 0.3050925926 0.0192708333 0.0333333333
4 0.5971354167 0.2736111111 0.0192708333 0.0314814815
3 0.5213541667 0.2939814815 0.0192708333 0.0314814815
1 0.4432291667 0.2527777778 0.0187500000 0.0305555556
3 0.4171875000 0.2481481481 0.0182291667 0.0305555556
2 0.3489583333 0.7574074074 0.0088541667 0.0138888889
2 0.4971354167 0.7574074074 0.0088541667 0.0138888889
2 0.6437500000 0.7583333333 0.0088541667 0.0138888889
2 0.8109375000 0.6472222222 0.0062500000 0.0101851852
2 0.7971354167 0.5685185185 0.0062500000 0.0101851852
2 0.7835937500 0.4990740741 0.0062500000 0.0101851852
2 0.7609375000 0.3731481481 0.0052083333 0.0083333333
2 0.7502604167 0.3175925926 0.0052083333 0.0083333333
2 0.7408854167 0.2675925926 0.0052083333 0.0083333333
2 0.6005208333 0.2064814815 0.0062500000 0.0101851852
2 0.4992187500 0.2050925926 0.0062500000 0.0101851852
2 0.3979166667 0.2050925926 0.0062500000 0.0101851852
2 0.2567708333 0.2638888889 0.0057291667 0.0092592593
2 0.2468750000 0.3152777778 0.0057291667 0.0092592593
2 0.2356770833 0.3703703704 0.0057291667 0.0092592593
2 0.1828125000 0.6439814815 0.0062500000 0.0101851852
2 0.1986979167 0.5652777778 0.0062500000 0.0101851852
2 0.2125000000 0.4949074074 0.0062500000 0.0101851852
