3 0.8255208333 0.4305555556 0.0151041667 0.0231481481
3 0.7619791667 0.5643518519 0.0156250000 0.0250000000
3 0.7721354167 0.4879629630 0.0151041667 0.0240740741
4 0.7218750000 0.4143518519 0.0156250000 0.0250000000
0 0.6838541667 0.3898148148 0.0156250000 0.0240740741
3 0.6341145833 0.7138888889 0.0145833333 0.0231481481
1 0.6481770833 0.6069444444 0.0156250000 0.0250000000
3 0.6247395833 0.4152777778 0.0151041667 0.0240740741
3 0.5809895833 0.6592592593 0.0151041667 0.0240740741
3 0.3937500000 0.4245370370 0.0151041667 0.0259259259
4 0.2726562500 0.3185185185 0.0156250000 0.0240740741
2 0.5864583333 0.8148148148 0.0067708333 0.0111111111
2 0.6713541667 0.8143518519 0.0067708333 0.0111111111
2 0.7562500000 0.8143518519 0.0067708333 0.0111111111
2 0.8643229167 0.6416666667 0.0067708333 0.0111111111
2 0.8656250000 0.5050925926 0.0046875000 0.0074074074
2 0.8658854167 0.3694444444 0.0046875000 0.0074074074
2 0.7585937500 0.1944444444 0.0057291667 0.0092592593
2 0.6726562500 0.1949074074 0.0057291667 0.0092592593
2 0.5875000000 0.1944444444 0.0057291667 0.0092592593
2 0.4174479167 0.1939814815 0.0072916667 0.0111111111
2 0.3328125000 0.1949074074 0.0072916667 0.0111111111
2 0.2468750000 0.1953703704 0.0072916667 0.0111111111
2 0.1390625000 0.6407407407 0.0078125000 0.0129629630
2 0.1382812500 0.5055555556 0.0078125000 0.0129629630
2 0.1380208333 0.3689814815 0.0078125000 0.0129629630
2 0.2484375000 0.8138888889 0.0046875000 0.0074074074
2 0.3330729167 0.8152777778 0.0046875000 0.0074074074
2 0.4171875000 0.8143518519 0.0046875000 0.0074074074
