1 0.6861979167 0.6398148148 0.0203125000 0.0305555556
0 0.6835937500 0.6689814815 0.0213541667 0.0324074074
3 0.7510416667 0.7375000000 0.0239583333 0.0333333333
3 0.6539062500 0.7212962963 0.0229166667 0.0370370370
3 0.5890625000 0.7347222222 0.0234375000 0.0388888889
3 0.3677083333 0.6949074074 0.0218750000 0.0361111111
3 0.3984375000 0.6592592593 0.0203125000 0.0342592593
3 0.4114583333 0.5439814815 0.0161458333 0.0268518519
2 0.6398437500 0.8222222222 0.0078125000 0.0120370370
2 0.7453125000 0.7782407407 0.0078125000 0.0120370370
2 0.8382812500 0.7384259259 0.0078125000 0.0120370370
2 0.8166666667 0.6379629630 0.0078125000 0.0120370370
2 0.7356770833 0.6027777778 0.0052083333 0.0083333333
2 0.6648437500 0.5703703704 0.0052083333 0.0083333333
2 0.5473958333 0.5185185185 0.0041666667 0.0064814815
2 0.4981770833 0.4953703704 0.0041666667 0.0064814815
2 0.4536458333 0.4750000000 0.0041666667 0.0064814815
2 0.3755208333 0.7935185185 0.0083333333 0.0129629630
2 0.3098958333 0.7324074074 0.0083333333 0.0129629630
2 0.2549479167 0.6824074074 0.0083333333 0.0129629630
2 0.1690104167 0.6023148148 0.0046875000 0.0074074074
2 0.1335937500 0.5694444444 0.0046875000 0.0074074074
2 0.1026041667 0.5407407407 0.0046875000 0.0074074074
2 0.1739583333 0.4907407407 0.0052083333 0.0083333333
2 0.2492187500 0.4782407407 0.0052083333 0.0083333333
2 0.3203125000 0.4652777778 0.0052083333 0.0083333333
