3 0.3000000000 0.5430555556 0.0229166667 0.0370370370
3 0.3557291667 0.5000000000 0.0218750000 0.0370370370
1 0.4158854167 0.5666666667 0.0229166667 0.0398148148
3 0.4375000000 0.6611111111 0.0244791667 0.0407407407
3 0.5148437500 0.6712962963 0.0250000000 0.0388888889
3 0.5765625000 0.7217592593 0.0250000000 0.0305555556
4 0.5885416667 0.6231481481 0.0239583333 0.0398148148
0 0.6098958333 0.5888888889 0.0234375000 0.0388888889
3 0.5825520833 0.5370370370 0.0229166667 0.0361111111
3 0.5661458333 0.3638888889 0.0203125000 0.0324074074
4 0.6468750000 0.2875000000 0.0192708333 0.0296296296
2 0.3497395833 0.7560185185 0.0062500000 0.0101851852
2 0.4960937500 0.7574074074 0.0062500000 0.0101851852
2 0.6434895833 0.7578703704 0.0062500000 0.0101851852
2 0.8109375000 0.6462962963 0.0078125000 0.0129629630
2 0.7963541667 0.5680555556 0.0078125000 0.0129629630
2 0.7838541667 0.4967592593 0.0078125000 0.0129629630
2 0.1838541667 0.6435185185 0.0062500000 0.0101851852
2 0.1984375000 0.5662037037 0.0062500000 0.0101851852
2 0.2119791667 0.4935185185 0.0062500000 0.0101851852
2 0.7609375000 0.3736111111 0.0062500000 0.0101851852
2 0.7505208333 0.3180555556 0.0062500000 0.0101851852
2 0.7408854167 0.2666666667 0.0062500000 0.0101851852
2 0.2364583333 0.3689814815 0.0062500000 0.0101851852
2 0.2471354167 0.3143518519 0.0062500000 0.0101851852
2 0.2562500000 0.2648148148 0.0062500000 0.0101851852
2 0.3979166667 0.2050925926 0.0046875000 0.0074074074
2 0.4992187500 0.2050925926 0.0046875000 0.0074074074
2 0.6002604167 0.2050925926 0.0046875000 0.0074074074
