3 0.7619791667 0.5638888889 0.0156250000 0.0240740741
4 0.8117187500 0.3277777778 0.0161458333 0.0250000000
3 0.8252604167 0.4296296296 0.0151041667 0.0240740741
3 0.7723958333 0.4879629630 0.0145833333 0.0231481481
4 0.7695312500 0.4416666667 0.0151041667 0.0240740741
4 0.7213541667 0.4143518519 0.0151041667 0.0250000000
0 0.6841145833 0.3898148148 0.0156250000 0.0240740741
3 0.6338541667 0.7134259259 0.0151041667 0.0231481481
3 0.5807291667 0.6592592593 0.0151041667 0.0240740741
1 0.6369791667 0.4847222222 0.0156250000 0.0259259259
4 0.6208333333 0.4546296296 0.0156250000 0.0240740741
3 0.6244791667 0.4148148148 0.0151041667 0.0240740741
3 0.3937500000 0.4245370370 0.0156250000 0.0250000000
4 0.2726562500 0.3175925926 0.0156250000 0.0240740741
2 0.6716145833 0.8152777778 0.0062500000 0.0101851852
2 0.7557291667 0.8148148148 0.0062500000 0.0101851852
2 0.5864583333 0.8148148148 0.0062500000 0.0101851852
2 0.8648437500 0.6412037037 0.0072916667 0.0120370370
2 0.8661458333 0.5055555556 0.0072916667 0.0120370370
2 0.8661458333 0.3689814815 0.0072916667 0.0120370370
2 0.7580729167 0.1939814815 0.0057291667 0.0092592593
2 0.6726562500 0.1944444444 0.0057291667 0.0092592593
2 0.5869791667 0.1939814815 0.0057291667 0.0092592593
2 0.4179687500 0.1939814815 0.0052083333 0.0083333333
2 0.3317708333 0.1953703704 0.0052083333 0.0083333333
2 0.2466145833 0.1944444444 0.0052083333 0.0083333333
2 0.4179687500 0.8148148148 0.0057291667 0.0092592593
2 0.3328125000 0.8148148148 0.0057291667 0.0092592593
2 0.2484375000 0.8148148148 0.0057291667 0.0092592593
2 0.1390625000 0.6416666667 0.0072916667 0.0120370370
2 0.1385416667 0.5055555556 0.0072916667 0.0120370370
2 0.1377604167 0.3694444444 0.0072916667 0.0120370370
