1 0.8187500000 0.7208333333 0.0161458333 0.0250000000
3 0.7401041667 0.7023148148 0.0145833333 0.0231481481
3 0.5901041667 0.6847222222 0.0151041667 0.0240740741
4 0.6117187500 0.6203703704 0.0151041667 0.0250000000
3 0.6812500000 0.5870370370 0.0151041667 0.0231481481
4 0.7505208333 0.3537037037 0.0161458333 0.0240740741
3 0.7244791667 0.3546296296 0.0151041667 0.0240740741
3 0.6533854167 0.3407407407 0.0151041667 0.0240740741
3 0.5864583333 0.3356481481 0.0145833333 0.0240740741
4 0.4960937500 0.2398148148 0.0151041667 0.0259259259
4 0.5265625000 0.4439814815 0.0145833333 0.0250000000
0 0.4174479167 0.5833333333 0.0156250000 0.0240740741
4 0.2260416667 0.6064814815 0.0156250000 0.0240740741
3 0.2388020833 0.4398148148 0.0161458333 0.0250000000
2 0.7559895833 0.8152777778 0.0078125000 0.0120370370
2 0.6705729167 0.8143518519 0.0078125000 0.0120370370
2 0.5864583333 0.8152777778 0.0078125000 0.0120370370
2 0.8648437500 0.6425925926 0.0083333333 0.0138888889
2 0.8656250000 0.5050925926 0.0083333333 0.0138888889
2 0.8661458333 0.3689814815 0.0083333333 0.0138888889
2 0.7572916667 0.1958333333 0.0057291667 0.0092592593
2 0.6726562500 0.1944444444 0.0057291667 0.0092592593
2 0.5869791667 0.1939814815 0.0057291667 0.0092592593
2 0.4179687500 0.8152777778 0.0052083333 0.0083333333
2 0.3325520833 0.8148148148 0.0052083333 0.0083333333
2 0.2481770833 0.8143518519 0.0052083333 0.0083333333
2 0.1390625000 0.6393518519 0.0083333333 0.0129629630
2 0.1393229167 0.5050925926 0.0083333333 0.0129629630
2 0.1375000000 0.3699074074 0.0083333333 0.0129629630
2 0.4171875000 0.1935185185 0.0041666667 0.0064814815
2 0.3322916667 0.1939814815 0.0052083333 0.0083333333
2 0.2468750000 0.1958333333 0.0052083333 0.0083333333
