4 0.7713541667 0.8870370370 0.0218750000 0.0416666667
1 0.7195312500 0.8310185185 0.0197916667 0.0351851852
4 0.6179687500 0.7458333333 0.0166666667 0.0314814815
4 0.5054687500 0.6708333333 0.0140625000 0.0259259259
4 0.4591145833 0.6421296296 0.0140625000 0.0250000000
4 0.4476562500 0.8444444444 0.0203125000 0.0379629630
4 0.3684895833 0.8439814815 0.0208333333 0.0370370370
4 0.2914062500 0.6629629630 0.0145833333 0.0259259259
2 0.3950520833 0.9939814815 0.0114583333 0.0120370370
2 0.3354166667 0.9226851852 0.0114583333 0.0129629630
2 0.2851562500 0.8643518519 0.0114583333 0.0129629630
2 0.2075520833 0.7722222222 0.0114583333 0.0129629630
2 0.1763020833 0.7351851852 0.0114583333 0.0129629630
2 0.1489583333 0.7037037037 0.0114583333 0.0129629630
2 0.2210937500 0.6500000000 0.0114583333 0.0129629630
2 0.2942708333 0.6365740741 0.0114583333 0.0129629630
2 0.3635416667 0.6240740741 0.0114583333 0.0129629630
2 0.4927083333 0.6356481481 0.0114583333 0.0129629630
2 0.5351562500 0.6592592593 0.0114583333 0.0129629630
2 0.5828125000 0.6847222222 0.0114583333 0.0129629630
2 0.6960937500 0.7462962963 0.0114583333 0.0129629630
2 0.7653645833 0.7837962963 0.0114583333 0.0129629630
2 0.8453125000 0.8287037037 0.0114583333 0.0129629630
2 0.8617187500 0.9449074074 0.0114583333 0.0129629630
2 0.7653645833 0.9875000000 0.0114583333 0.0129629630
