4 0.7361979167 0.6898148148 0.0218750000 0.0342592593
3 0.7101562500 0.6745370370 0.0208333333 0.0333333333
3 0.6520833333 0.6328703704 0.0192708333 0.0314814815
3 0.5994791667 0.6004629630 0.0177083333 0.0296296296
3 0.4888020833 0.7884259259 0.0234375000 0.0398148148
3 0.5205729167 0.7097222222 0.0213541667 0.0351851852
4 0.4096354167 0.7342592593 0.0223958333 0.0370370370
3 0.3799479167 0.6805555556 0.0208333333 0.0342592593
1 0.4453125000 0.6731481481 0.0203125000 0.0333333333
0 0.3390625000 0.5726851852 0.0171875000 0.0287037037
4 0.4929687500 0.5935185185 0.0177083333 0.0296296296
3 0.3289062500 0.4865740741 0.0145833333 0.0240740741
2 0.6695312500 0.8592592593 0.0078125000 0.0129629630
2 0.7684895833 0.8074074074 0.0078125000 0.0129629630
2 0.8562500000 0.7606481481 0.0078125000 0.0129629630
2 0.8304687500 0.6453703704 0.0067708333 0.0111111111
2 0.7484375000 0.6027777778 0.0067708333 0.0111111111
2 0.6760416667 0.5662037037 0.0067708333 0.0111111111
2 0.4083333333 0.8328703704 0.0098958333 0.0166666667
2 0.3377604167 0.7615740741 0.0098958333 0.0166666667
2 0.2778645833 0.7027777778 0.0052083333 0.0083333333
2 0.1820312500 0.6101851852 0.0067708333 0.0111111111
2 0.1419270833 0.5712962963 0.0067708333 0.0111111111
2 0.1070312500 0.5365740741 0.0067708333 0.0111111111
2 0.1729166667 0.4768518519 0.0052083333 0.0083333333
2 0.2492187500 0.4597222222 0.0052083333 0.0083333333
2 0.3192708333 0.4444444444 0.0052083333 0.0083333333
2 0.5546875000 0.5046296296 0.0041666667 0.0074074074
2 0.5028645833 0.4777777778 0.0041666667 0.0074074074
2 0.4559895833 0.4546296296 0.0041666667 0.0074074074
