4 0.5955729167 0.7384259259 0.0213541667 0.0351851852
4 0.6679687500 0.6884259259 0.0208333333 0.0333333333
3 0.6937500000 0.6805555556 0.0197916667 0.0324074074
3 0.7635416667 0.5935185185 0.0177083333 0.0296296296
0 0.6549479167 0.6138888889 0.0177083333 0.0296296296
3 0.6864583333 0.5745370370 0.0171875000 0.0296296296
4 0.6330729167 0.4875000000 0.0151041667 0.0240740741
4 0.5502604167 0.4763888889 0.0156250000 0.0250000000
3 0.5203125000 0.4416666667 0.0135416667 0.0231481481
3 0.4585937500 0.4722222222 0.0145833333 0.0240740741
3 0.4364583333 0.4856481481 0.0151041667 0.0250000000
4 0.4065104167 0.4611111111 0.0140625000 0.0250000000
1 0.4466145833 0.3689814815 0.0130208333 0.0203703704
4 0.2497395833 0.4685185185 0.0151041667 0.0250000000
2 0.6664062500 0.7560185185 0.0062500000 0.0101851852
2 0.7510416667 0.7064814815 0.0062500000 0.0101851852
2 0.8255208333 0.6625000000 0.0062500000 0.0101851852
2 0.8049479167 0.5523148148 0.0052083333 0.0083333333
2 0.7335937500 0.5106481481 0.0052083333 0.0083333333
2 0.6700520833 0.4745370370 0.0052083333 0.0083333333
2 0.5640625000 0.4129629630 0.0041666667 0.0064814815
2 0.5179687500 0.3865740741 0.0041666667 0.0064814815
2 0.4763020833 0.3634259259 0.0041666667 0.0064814815
2 0.4460937500 0.7287037037 0.0052083333 0.0083333333
2 0.3830729167 0.6634259259 0.0052083333 0.0074074074
2 0.3302083333 0.6087962963 0.0052083333 0.0083333333
2 0.2432291667 0.5185185185 0.0057291667 0.0092592593
2 0.2070312500 0.4800925926 0.0057291667 0.0092592593
2 0.1747395833 0.4458333333 0.0057291667 0.0092592593
2 0.2289062500 0.3861111111 0.0052083333 0.0083333333
2 0.2945312500 0.3694444444 0.0036458333 0.0055555556
2 0.3562500000 0.3537037037 0.0036458333 0.0055555556
