0 0.8234375000 0.6263888889 0.0177083333 0.0296296296
3 0.7153645833 0.6217592593 0.0187500000 0.0296296296
3 0.6236979167 0.5500000000 0.0156250000 0.0259259259
4 0.6135416667 0.5245370370 0.0151041667 0.0240740741
4 0.5979166667 0.5097222222 0.0145833333 0.0240740741
4 0.4690104167 0.6944444444 0.0208333333 0.0342592593
4 0.5101562500 0.4819444444 0.0130208333 0.0231481481
4 0.3166666667 0.5680555556 0.0166666667 0.0250000000
4 0.3820312500 0.5564814815 0.0166666667 0.0259259259
3 0.3997395833 0.5236111111 0.0151041667 0.0259259259
3 0.3263020833 0.5185185185 0.0151041667 0.0250000000
1 0.4466145833 0.4217592593 0.0130208333 0.0203703704
3 0.3570312500 0.4305555556 0.0114583333 0.0194444444
3 0.3354166667 0.4638888889 0.0130208333 0.0212962963
4 0.1937500000 0.4601851852 0.0140625000 0.0194444444
2 0.6653645833 0.7518518519 0.0062500000 0.0092592593
2 0.7536458333 0.7097222222 0.0062500000 0.0092592593
2 0.8320312500 0.6736111111 0.0062500000 0.0092592593
2 0.8104166667 0.5805555556 0.0062500000 0.0092592593
2 0.7388020833 0.5449074074 0.0046875000 0.0074074074
2 0.6763020833 0.5143518519 0.0046875000 0.0074074074
2 0.5718750000 0.4634259259 0.0046875000 0.0074074074
2 0.5278645833 0.4407407407 0.0046875000 0.0074074074
2 0.4395833333 0.7240740741 0.0062500000 0.0092592593
2 0.3794270833 0.6666666667 0.0062500000 0.0092592593
2 0.3291666667 0.6189814815 0.0062500000 0.0092592593
2 0.2502604167 0.5430555556 0.0057291667 0.0092592593
2 0.2171875000 0.5125000000 0.0057291667 0.0092592593
2 0.1893229167 0.4847222222 0.0057291667 0.0092592593
2 0.4885416667 0.4217592593 0.0046875000 0.0074074074
2 0.3721354167 0.4134259259 0.0046875000 0.0074074074
2 0.3117187500 0.4240740741 0.0031250000 0.0046296296
2 0.2466145833 0.4370370370 0.0031250000 0.0046296296
