4 0.7596354167 0.5995370370 0.0171875000 0.0277777778
0 0.5526041667 0.5620370370 0.0156250000 0.0250000000
1 0.5343750000 0.5092592593 0.0151041667 0.0240740741
4 0.5348958333 0.4773148148 0.0151041667 0.0212962963
4 0.4882812500 0.5245370370 0.0156250000 0.0259259259
4 0.4268229167 0.6268518519 0.0187500000 0.0296296296
4 0.3453125000 0.5203703704 0.0151041667 0.0250000000
4 0.3187500000 0.4421296296 0.0130208333 0.0194444444
2 0.6210937500 0.7666666667 0.0072916667 0.0120370370
2 0.7125000000 0.7240740741 0.0072916667 0.0120370370
2 0.7942708333 0.6851851852 0.0072916667 0.0120370370
2 0.7867187500 0.5819444444 0.0046875000 0.0074074074
2 0.7205729167 0.5421296296 0.0046875000 0.0074074074
2 0.6630208333 0.5064814815 0.0046875000 0.0074074074
2 0.4075520833 0.7305555556 0.0078125000 0.0129629630
2 0.3570312500 0.6689814815 0.0078125000 0.0129629630
2 0.3145833333 0.6148148148 0.0078125000 0.0129629630
2 0.2473958333 0.5314814815 0.0052083333 0.0083333333
2 0.2205729167 0.4958333333 0.0052083333 0.0083333333
2 0.1958333333 0.4662037037 0.0052083333 0.0083333333
2 0.5674479167 0.4476851852 0.0036458333 0.0055555556
2 0.5273437500 0.4231481481 0.0036458333 0.0055555556
2 0.4911458333 0.4013888889 0.0036458333 0.0055555556
2 0.3791666667 0.3907407407 0.0031250000 0.0055555556
2 0.3195312500 0.4018518519 0.0031250000 0.0055555556
2 0.2557291667 0.4148148148 0.0031250000 0.0055555556
