3 0.4968750000 0.6740740741 0.0182291667 0.0296296296
3 0.5257812500 0.6250000000 0.0161458333 0.0277777778
4 0.5216145833 0.5912037037 0.0156250000 0.0268518519
0 0.5414062500 0.6046296296 0.0161458333 0.0259259259
3 0.5604166667 0.5722222222 0.0145833333 0.0240740741
3 0.5664062500 0.5893518519 0.0156250000 0.0250000000
4 0.6661458333 0.6384259259 0.0171875000 0.0287037037
3 0.6770833333 0.6166666667 0.0166666667 0.0259259259
4 0.6710937500 0.5907407407 0.0161458333 0.0268518519
3 0.6273437500 0.5750000000 0.0151041667 0.0250000000
4 0.5630208333 0.4689814815 0.0130208333 0.0203703704
4 0.5059895833 0.4337962963 0.0119791667 0.0194444444
4 0.4351562500 0.5097222222 0.0140625000 0.0231481481
4 0.3812500000 0.5231481481 0.0135416667 0.0240740741
3 0.3143229167 0.5101851852 0.0140625000 0.0231481481
1 0.2877604167 0.4805555556 0.0135416667 0.0222222222
2 0.6179687500 0.7425925926 0.0057291667 0.0092592593
2 0.6989583333 0.7004629630 0.0057291667 0.0092592593
2 0.7710937500 0.6638888889 0.0057291667 0.0092592593
2 0.7619791667 0.5662037037 0.0046875000 0.0074074074
2 0.7002604167 0.5282407407 0.0046875000 0.0074074074
2 0.6476562500 0.4958333333 0.0046875000 0.0074074074
2 0.5583333333 0.4402777778 0.0036458333 0.0064814815
2 0.5200520833 0.4171296296 0.0036458333 0.0064814815
2 0.4859375000 0.3958333333 0.0036458333 0.0064814815
2 0.4226562500 0.7106481481 0.0046875000 0.0074074074
2 0.3744791667 0.6518518519 0.0046875000 0.0074074074
2 0.3333333333 0.6023148148 0.0046875000 0.0074074074
2 0.2671875000 0.5226851852 0.0036458333 0.0055555556
2 0.2398437500 0.4898148148 0.0036458333 0.0055555556
2 0.2161458333 0.4606481481 0.0036458333 0.0055555556
2 0.2695312500 0.4101851852 0.0036458333 0.0055555556
2 0.3276041667 0.3967592593 0.0036458333 0.0055555556
2 0.3820312500 0.3856481481 0.0036458333 0.0055555556
