4 0.6463541667 0.7305555556 0.0218750000 0.0351851852
4 0.6257812500 0.6851851852 0.0208333333 0.0342592593
3 0.6065104167 0.6699074074 0.0203125000 0.0324074074
3 0.5789062500 0.7236111111 0.0213541667 0.0351851852
3 0.4453125000 0.6782407407 0.0208333333 0.0333333333
0 0.6028645833 0.6268518519 0.0187500000 0.0305555556
4 0.6622395833 0.6129629630 0.0187500000 0.0305555556
4 0.6218750000 0.5824074074 0.0182291667 0.0287037037
3 0.5361979167 0.5004629630 0.0156250000 0.0259259259
1 0.4109375000 0.5768518519 0.0177083333 0.0296296296
3 0.2820312500 0.4259259259 0.0140625000 0.0222222222
3 0.1867187500 0.4712962963 0.0156250000 0.0231481481
2 0.6848958333 0.7754629630 0.0072916667 0.0111111111
2 0.7684895833 0.7254629630 0.0072916667 0.0111111111
2 0.8424479167 0.6796296296 0.0072916667 0.0111111111
2 0.8132812500 0.5731481481 0.0046875000 0.0074074074
2 0.7372395833 0.5337962963 0.0046875000 0.0074074074
2 0.6697916667 0.5000000000 0.0046875000 0.0074074074
2 0.5562500000 0.4412037037 0.0046875000 0.0074074074
2 0.5070312500 0.4162037037 0.0046875000 0.0074074074
2 0.4625000000 0.3935185185 0.0046875000 0.0074074074
2 0.3364583333 0.3861111111 0.0052083333 0.0083333333
2 0.2731770833 0.4013888889 0.0052083333 0.0083333333
2 0.2052083333 0.4189814815 0.0052083333 0.0083333333
2 0.2268229167 0.5486111111 0.0067708333 0.0101851852
2 0.1869791667 0.5115740741 0.0067708333 0.0101851852
2 0.1513020833 0.4791666667 0.0067708333 0.0101851852
2 0.4528645833 0.7532407407 0.0072916667 0.0111111111
2 0.3833333333 0.6902777778 0.0072916667 0.0111111111
2 0.3239583333 0.6356481481 0.0072916667 0.0111111111
