3 0.6778645833 0.7972222222 0.0239583333 0.0388888889
4 0.7539062500 0.8069444444 0.0239583333 0.0388888889
4 0.7294270833 0.7569444444 0.0229166667 0.0370370370
3 0.7072916667 0.7407407407 0.0229166667 0.0361111111
0 0.7018229167 0.6930555556 0.0218750000 0.0342592593
4 0.7682291667 0.6800925926 0.0208333333 0.0342592593
4 0.7213541667 0.6444444444 0.0197916667 0.0314814815
3 0.5278645833 0.7449074074 0.0223958333 0.0370370370
3 0.6234375000 0.5541666667 0.0171875000 0.0287037037
4 0.5255208333 0.5069444444 0.0156250000 0.0250000000
1 0.5015625000 0.4453703704 0.0145833333 0.0231481481
4 0.3804687500 0.4898148148 0.0156250000 0.0259259259
3 0.3416666667 0.4685185185 0.0151041667 0.0240740741
3 0.2390625000 0.5152777778 0.0166666667 0.0259259259
2 0.7992187500 0.8587962963 0.0083333333 0.0129629630
2 0.8919270833 0.8064814815 0.0083333333 0.0129629630
2 0.9747395833 0.7592592593 0.0083333333 0.0129629630
2 0.9372395833 0.6393518519 0.0083333333 0.0129629630
2 0.8500000000 0.5962962963 0.0072916667 0.0111111111
2 0.7731770833 0.5550925926 0.0072916667 0.0111111111
2 0.6437500000 0.4898148148 0.0072916667 0.0111111111
2 0.5882812500 0.4620370370 0.0072916667 0.0111111111
2 0.5382812500 0.4361111111 0.0072916667 0.0111111111
2 0.5398437500 0.8273148148 0.0093750000 0.0157407407
2 0.4593750000 0.7569444444 0.0093750000 0.0157407407
2 0.3929687500 0.6953703704 0.0093750000 0.0157407407
2 0.2846354167 0.5990740741 0.0093750000 0.0157407407
2 0.2401041667 0.5583333333 0.0093750000 0.0157407407
2 0.2013020833 0.5222222222 0.0062500000 0.0101851852
2 0.2570312500 0.4587962963 0.0036458333 0.0064814815
2 0.3309895833 0.4416666667 0.0036458333 0.0064814815
2 0.3994791667 0.4259259259 0.0036458333 0.0064814815
