3 0.5710937500 0.7171296296 0.0197916667 0.0314814815
4 0.6135416667 0.6833333333 0.0192708333 0.0314814815
4 0.6346354167 0.7226851852 0.0203125000 0.0324074074
3 0.5953125000 0.6708333333 0.0187500000 0.0296296296
0 0.5898437500 0.6319444444 0.0177083333 0.0287037037
4 0.6440104167 0.6189814815 0.0171875000 0.0277777778
4 0.6049479167 0.5916666667 0.0156250000 0.0259259259
3 0.4273437500 0.6824074074 0.0187500000 0.0277777778
3 0.5229166667 0.5203703704 0.0140625000 0.0231481481
4 0.4408854167 0.4837962963 0.0135416667 0.0212962963
1 0.4195312500 0.4342592593 0.0119791667 0.0194444444
4 0.3179687500 0.4736111111 0.0135416667 0.0222222222
3 0.2843750000 0.4569444444 0.0130208333 0.0203703704
3 0.1971354167 0.4995370370 0.0145833333 0.0231481481
2 0.6718750000 0.7634259259 0.0078125000 0.0120370370
2 0.7460937500 0.7157407407 0.0078125000 0.0120370370
2 0.8117187500 0.6754629630 0.0078125000 0.0120370370
2 0.7796875000 0.5810185185 0.0078125000 0.0120370370
2 0.7088541667 0.5486111111 0.0078125000 0.0120370370
2 0.6458333333 0.5175925926 0.0078125000 0.0120370370
2 0.4575520833 0.7481481481 0.0072916667 0.0120370370
2 0.3903645833 0.6921296296 0.0072916667 0.0120370370
2 0.3325520833 0.6453703704 0.0072916667 0.0120370370
2 0.2382812500 0.5680555556 0.0072916667 0.0120370370
2 0.1986979167 0.5351851852 0.0072916667 0.0120370370
2 0.1638020833 0.5064814815 0.0041666667 0.0064814815
2 0.2117187500 0.4509259259 0.0041666667 0.0064814815
2 0.2747395833 0.4351851852 0.0041666667 0.0064814815
2 0.3328125000 0.4199074074 0.0041666667 0.0064814815
2 0.5382812500 0.4671296296 0.0052083333 0.0083333333
2 0.4916666667 0.4449074074 0.0052083333 0.0083333333
2 0.4500000000 0.4263888889 0.0052083333 0.0083333333
