0 0.3776041667 0.6064814815 0.0119791667 0.0166666667
3 0.4104166667 0.5865740741 0.0119791667 0.0185185185
3 0.4156250000 0.5615740741 0.0109375000 0.0175925926
1 0.4643229167 0.5675925926 0.0109375000 0.0185185185
3 0.4861979167 0.5495370370 0.0104166667 0.0175925926
3 0.5283854167 0.5583333333 0.0109375000 0.0175925926
3 0.5343750000 0.4953703704 0.0083333333 0.0148148148
3 0.4869791667 0.5097222222 0.0088541667 0.0148148148
3 0.4000000000 0.5157407407 0.0093750000 0.0148148148
2 0.5682291667 0.6180555556 0.0036458333 0.0055555556
2 0.4963541667 0.6189814815 0.0036458333 0.0055555556
2 0.4242187500 0.6199074074 0.0036458333 0.0055555556
2 0.6486979167 0.5884259259 0.0036458333 0.0055555556
2 0.6408854167 0.5680555556 0.0036458333 0.0055555556
2 0.6338541667 0.5500000000 0.0036458333 0.0055555556
2 0.6221354167 0.5189814815 0.0026041667 0.0037037037
2 0.6169270833 0.5055555556 0.0026041667 0.0037037037
2 0.6119791667 0.4930555556 0.0026041667 0.0037037037
2 0.3455729167 0.5907407407 0.0031250000 0.0046296296
2 0.3533854167 0.5699074074 0.0031250000 0.0046296296
2 0.3609375000 0.5518518519 0.0031250000 0.0046296296
2 0.3739583333 0.5203703704 0.0031250000 0.0046296296
2 0.3802083333 0.5064814815 0.0031250000 0.0046296296
2 0.3854166667 0.4944444444 0.0031250000 0.0046296296
2 0.4510416667 0.4796296296 0.0020833333 0.0037037037
2 0.4989583333 0.4791666667 0.0020833333 0.0037037037
