4 0.6341145833 0.7898148148 0.0218750000 0.0370370370
3 0.7273437500 0.6643518519 0.0187500000 0.0296296296
4 0.6049479167 0.6745370370 0.0182291667 0.0305555556
0 0.4354166667 0.6884259259 0.0192708333 0.0314814815
3 0.4531250000 0.6615740741 0.0182291667 0.0305555556
3 0.4835937500 0.6875000000 0.0187500000 0.0305555556
3 0.5028645833 0.5981481481 0.0166666667 0.0268518519
4 0.5541666667 0.5935185185 0.0166666667 0.0277777778
4 0.5645833333 0.5115740741 0.0140625000 0.0222222222
4 0.4789062500 0.4777777778 0.0125000000 0.0222222222
3 0.3820312500 0.4671296296 0.0130208333 0.0212962963
3 0.3713541667 0.5125000000 0.0145833333 0.0231481481
4 0.3192708333 0.5689814815 0.0161458333 0.0250000000
3 0.2669270833 0.5620370370 0.0161458333 0.0240740741
2 0.7039062500 0.8004629630 0.0083333333 0.0129629630
2 0.7830729167 0.7541666667 0.0083333333 0.0129629630
2 0.8526041667 0.7111111111 0.0083333333 0.0129629630
2 0.8205729167 0.6101851852 0.0041666667 0.0064814815
2 0.7460937500 0.5731481481 0.0041666667 0.0064814815
2 0.6804687500 0.5412037037 0.0041666667 0.0064814815
2 0.5690104167 0.4861111111 0.0036458333 0.0055555556
2 0.5210937500 0.4629629630 0.0036458333 0.0055555556
2 0.4776041667 0.4412037037 0.0036458333 0.0055555556
2 0.3562500000 0.4337962963 0.0046875000 0.0074074074
2 0.2963541667 0.4486111111 0.0046875000 0.0074074074
2 0.2312500000 0.4643518519 0.0046875000 0.0074074074
2 0.1812500000 0.5212962963 0.0057291667 0.0092592593
2 0.2164062500 0.5523148148 0.0057291667 0.0092592593
2 0.2565104167 0.5870370370 0.0057291667 0.0092592593
2 0.3515625000 0.6694444444 0.0072916667 0.0111111111
2 0.4114583333 0.7212962963 0.0072916667 0.0111111111
2 0.4809895833 0.7810185185 0.0072916667 0.0111111111
