4 0.8203125000 0.7694444444 0.0161458333 0.0268518519
4 0.7986979167 0.6564814815 0.0161458333 0.0268518519
3 0.7739583333 0.4884259259 0.0156250000 0.0268518519
4 0.7544270833 0.4027777778 0.0156250000 0.0259259259
3 0.6885416667 0.2875000000 0.0145833333 0.0259259259
3 0.4541666667 0.3763888889 0.0151041667 0.0268518519
3 0.1997395833 0.6754629630 0.0161458333 0.0277777778
0 0.2283854167 0.6009259259 0.0156250000 0.0259259259
1 0.2390625000 0.4120370370 0.0161458333 0.0277777778
3 0.2158854167 0.3962962963 0.0156250000 0.0250000000
4 0.1729166667 0.4013888889 0.0156250000 0.0277777778
2 0.1388020833 0.6569444444 0.0072916667 0.0129629630
2 0.1380208333 0.5064814815 0.0072916667 0.0129629630
2 0.1377604167 0.3550925926 0.0072916667 0.0129629630
2 0.2468750000 0.1611111111 0.0072916667 0.0129629630
2 0.3317708333 0.1606481481 0.0072916667 0.0129629630
2 0.4171875000 0.1601851852 0.0072916667 0.0129629630
2 0.5872395833 0.1597222222 0.0072916667 0.0129629630
2 0.6723958333 0.1601851852 0.0072916667 0.0129629630
2 0.7578125000 0.1606481481 0.0072916667 0.0129629630
2 0.8658854167 0.3541666667 0.0072916667 0.0129629630
2 0.8656250000 0.5069444444 0.0072916667 0.0129629630
2 0.8648437500 0.6569444444 0.0072916667 0.0129629630
2 0.7557291667 0.8490740741 0.0072916667 0.0129629630
2 0.6716145833 0.8500000000 0.0072916667 0.0129629630
2 0.5864583333 0.8500000000 0.0072916667 0.0129629630
2 0.4179687500 0.8504629630 0.0072916667 0.0129629630
2 0.3322916667 0.8486111111 0.0072916667 0.0129629630
2 0.2479166667 0.8500000000 0.0072916667 0.0129629630
3 0.6035885417 0.4876759259 0.0180989583 0.0312500000
