4 0.7031250000 0.7027777778 0.0192708333 0.0324074074
4 0.5247395833 0.7009259259 0.0192708333 0.0314814815
4 0.5236979167 0.6388888889 0.0177083333 0.0296296296
3 0.4815104167 0.5662037037 0.0151041667 0.0259259259
4 0.5625000000 0.4875000000 0.0135416667 0.0222222222
3 0.5460937500 0.4754629630 0.0130208333 0.0212962963
3 0.4992187500 0.4925925926 0.0135416667 0.0222222222
4 0.4541666667 0.5009259259 0.0145833333 0.0231481481
3 0.4078125000 0.5134259259 0.0140625000 0.0231481481
0 0.4218750000 0.6231481481 0.0171875000 0.0277777778
3 0.3382812500 0.6018518519 0.0166666667 0.0277777778
3 0.4291666667 0.5027777778 0.0140625000 0.0222222222
4 0.4072916667 0.4870370370 0.0135416667 0.0212962963
4 0.2830729167 0.4773148148 0.0140625000 0.0222222222
3 0.3015625000 0.4657407407 0.0135416667 0.0212962963
1 0.3218750000 0.4481481481 0.0119791667 0.0212962963
2 0.6190104167 0.7939814815 0.0078125000 0.0120370370
2 0.7106770833 0.7523148148 0.0046875000 0.0074074074
2 0.7924479167 0.7134259259 0.0052083333 0.0083333333
2 0.7877604167 0.6050925926 0.0057291667 0.0092592593
2 0.7229166667 0.5634259259 0.0057291667 0.0092592593
2 0.6664062500 0.5263888889 0.0057291667 0.0092592593
2 0.4085937500 0.7555555556 0.0057291667 0.0092592593
2 0.3606770833 0.6907407407 0.0057291667 0.0092592593
2 0.3192708333 0.6351851852 0.0057291667 0.0092592593
2 0.2546875000 0.5481481481 0.0046875000 0.0074074074
2 0.2278645833 0.5125000000 0.0046875000 0.0074074074
2 0.2041666667 0.4814814815 0.0046875000 0.0074074074
2 0.2645833333 0.4277777778 0.0036458333 0.0064814815
2 0.3278645833 0.4152777778 0.0036458333 0.0064814815
2 0.3867187500 0.4027777778 0.0036458333 0.0064814815
2 0.5731770833 0.4648148148 0.0041666667 0.0074074074
2 0.5333333333 0.4393518519 0.0041666667 0.0074074074
2 0.4976562500 0.4157407407 0.0041666667 0.0074074074
