1 0.4119791667 0.5759259259 0.0171875000 0.0296296296
0 0.6005208333 0.6185185185 0.0192708333 0.0314814815
4 0.6377604167 0.4990740741 0.0151041667 0.0250000000
4 0.5742187500 0.5023148148 0.0151041667 0.0250000000
4 0.4843750000 0.4166666667 0.0125000000 0.0212962963
4 0.4414062500 0.4162037037 0.0130208333 0.0212962963
4 0.3325520833 0.4689814815 0.0145833333 0.0231481481
2 0.6682291667 0.7773148148 0.0072916667 0.0111111111
2 0.7716145833 0.7361111111 0.0072916667 0.0111111111
2 0.8632812500 0.7004629630 0.0072916667 0.0111111111
2 0.8562500000 0.5939814815 0.0062500000 0.0101851852
2 0.7835937500 0.5509259259 0.0062500000 0.0101851852
2 0.7208333333 0.5143518519 0.0062500000 0.0101851852
2 0.4356770833 0.7324074074 0.0072916667 0.0111111111
2 0.3830729167 0.6680555556 0.0072916667 0.0111111111
2 0.3398437500 0.6129629630 0.0072916667 0.0111111111
2 0.2710937500 0.5277777778 0.0057291667 0.0092592593
2 0.2440104167 0.4944444444 0.0057291667 0.0092592593
2 0.2200520833 0.4634259259 0.0046875000 0.0092592593
2 0.2851562500 0.4143518519 0.0041666667 0.0064814815
2 0.3533854167 0.4032407407 0.0041666667 0.0064814815
2 0.4166666667 0.3925925926 0.0041666667 0.0064814815
2 0.6182291667 0.4537037037 0.0041666667 0.0064814815
2 0.5750000000 0.4291666667 0.0041666667 0.0064814815
2 0.5361979167 0.4055555556 0.0041666667 0.0064814815
