3 0.4716145833 0.6995370370 0.0208333333 0.0351851852
3 0.5244791667 0.6023148148 0.0177083333 0.0287037037
3 0.5354166667 0.6287037037 0.0182291667 0.0305555556
0 0.6229166667 0.6847222222 0.0208333333 0.0333333333
3 0.6778645833 0.6986111111 0.0208333333 0.0333333333
4 0.6541666667 0.5458333333 0.0161458333 0.0268518519
4 0.5864583333 0.5509259259 0.0161458333 0.0268518519
1 0.5143229167 0.4680555556 0.0140625000 0.0231481481
4 0.4846354167 0.4513888889 0.0135416667 0.0231481481
4 0.4382812500 0.4523148148 0.0135416667 0.0231481481
3 0.4236979167 0.4689814815 0.0140625000 0.0240740741
4 0.3252604167 0.5152777778 0.0156250000 0.0250000000
2 0.7054687500 0.8666666667 0.0062500000 0.0092592593
2 0.8104166667 0.8171296296 0.0062500000 0.0092592593
2 0.9044270833 0.7759259259 0.0062500000 0.0092592593
2 0.8908854167 0.6541666667 0.0062500000 0.0092592593
2 0.8125000000 0.6050925926 0.0046875000 0.0074074074
2 0.7437500000 0.5638888889 0.0046875000 0.0074074074
2 0.6304687500 0.4944444444 0.0046875000 0.0074074074
2 0.4552083333 0.8194444444 0.0057291667 0.0092592593
2 0.3947916667 0.7453703704 0.0057291667 0.0092592593
2 0.3447916667 0.6842592593 0.0057291667 0.0092592593
2 0.2651041667 0.5861111111 0.0046875000 0.0074074074
2 0.2325520833 0.5449074074 0.0046875000 0.0074074074
2 0.2036458333 0.5106481481 0.0046875000 0.0074074074
2 0.2703125000 0.4513888889 0.0041666667 0.0064814815
2 0.3421875000 0.4379629630 0.0041666667 0.0064814815
2 0.4098958333 0.4245370370 0.0041666667 0.0064814815
2 0.5828125000 0.4648148148 0.0031250000 0.0046296296
2 0.5403645833 0.4388888889 0.0041666667 0.0064814815
