3 0.7263020833 0.6726851852 0.0171875000 0.0259259259
4 0.6273437500 0.5958333333 0.0151041667 0.0259259259
4 0.5505208333 0.6032407407 0.0151041667 0.0250000000
4 0.5281250000 0.6134259259 0.0156250000 0.0268518519
4 0.5028645833 0.6958333333 0.0177083333 0.0305555556
0 0.4223958333 0.6601851852 0.0171875000 0.0277777778
4 0.2492187500 0.5495370370 0.0151041667 0.0240740741
3 0.2796875000 0.6000000000 0.0151041667 0.0203703704
4 0.2791666667 0.5578703704 0.0145833333 0.0231481481
1 0.3002604167 0.5060185185 0.0130208333 0.0212962963
3 0.3273437500 0.5416666667 0.0140625000 0.0222222222
3 0.4205729167 0.5379629630 0.0135416667 0.0222222222
3 0.4825520833 0.5504629630 0.0140625000 0.0231481481
3 0.4664062500 0.4768518519 0.0119791667 0.0194444444
3 0.4309895833 0.4712962963 0.0119791667 0.0194444444
4 0.4070312500 0.4370370370 0.0114583333 0.0175925926
2 0.5716145833 0.7870370370 0.0072916667 0.0111111111
2 0.6562500000 0.7430555556 0.0072916667 0.0111111111
2 0.7328125000 0.7041666667 0.0072916667 0.0111111111
2 0.7239583333 0.6046296296 0.0072916667 0.0111111111
2 0.6648437500 0.5648148148 0.0072916667 0.0111111111
2 0.6119791667 0.5310185185 0.0072916667 0.0111111111
2 0.5223958333 0.4782407407 0.0072916667 0.0111111111
2 0.4848958333 0.4541666667 0.0072916667 0.0111111111
2 0.4494791667 0.4310185185 0.0072916667 0.0111111111
2 0.3729166667 0.7569444444 0.0072916667 0.0111111111
2 0.3250000000 0.6962962963 0.0072916667 0.0111111111
2 0.2838541667 0.6453703704 0.0072916667 0.0111111111
2 0.2197916667 0.5638888889 0.0072916667 0.0111111111
2 0.1929687500 0.5296296296 0.0072916667 0.0111111111
2 0.1697916667 0.5000000000 0.0072916667 0.0111111111
2 0.2270833333 0.4481481481 0.0072916667 0.0111111111
2 0.2888020833 0.4333333333 0.0072916667 0.0111111111
2 0.3442708333 0.4222222222 0.0072916667 0.0111111111
