4 0.8156250000 0.6050925926 0.0182291667 0.0231481481
1 0.7190104167 0.5833333333 0.0171875000 0.0268518519
3 0.4796875000 0.5824074074 0.0171875000 0.0259259259
3 0.5393229167 0.5481481481 0.0156250000 0.0250000000
0 0.5848958333 0.5921296296 0.0171875000 0.0277777778
3 0.6450520833 0.5550925926 0.0161458333 0.0259259259
3 0.6010416667 0.4990740741 0.0140625000 0.0222222222
3 0.5596354167 0.4643518519 0.0135416667 0.0203703704
3 0.4179687500 0.4074074074 0.0114583333 0.0185185185
2 0.6351562500 0.7166666667 0.0078125000 0.0120370370
2 0.7200520833 0.6773148148 0.0078125000 0.0120370370
2 0.7940104167 0.6444444444 0.0078125000 0.0120370370
2 0.7796875000 0.5550925926 0.0057291667 0.0092592593
2 0.7148437500 0.5199074074 0.0057291667 0.0092592593
2 0.6578125000 0.4907407407 0.0057291667 0.0092592593
2 0.5632812500 0.4416666667 0.0057291667 0.0092592593
2 0.5229166667 0.4208333333 0.0057291667 0.0092592593
2 0.4877604167 0.4027777778 0.0057291667 0.0092592593
2 0.4265625000 0.6870370370 0.0072916667 0.0120370370
2 0.3750000000 0.6328703704 0.0072916667 0.0120370370
2 0.3312500000 0.5875000000 0.0072916667 0.0120370370
2 0.2614583333 0.5162037037 0.0072916667 0.0120370370
2 0.2333333333 0.4856481481 0.0072916667 0.0120370370
2 0.2075520833 0.4601851852 0.0072916667 0.0120370370
2 0.2635416667 0.4152777778 0.0036458333 0.0064814815
2 0.3239583333 0.4050925926 0.0036458333 0.0064814815
2 0.3802083333 0.3939814815 0.0036458333 0.0064814815
