1 0.3690104167 0.4615740741 0.0135416667 0.0222222222
3 0.6049479167 0.5291666667 0.0151041667 0.0250000000
4 0.6091145833 0.5333333333 0.0156250000 0.0222222222
4 0.6127604167 0.5398148148 0.0161458333 0.0240740741
3 0.6161458333 0.5458333333 0.0156250000 0.0250000000
4 0.6229166667 0.5245370370 0.0135416667 0.0111111111
3 0.6395833333 0.5273148148 0.0125000000 0.0111111111
0 0.6265625000 0.5300925926 0.0130208333 0.0111111111
4 0.6304687500 0.5356481481 0.0135416667 0.0111111111
4 0.6567708333 0.5291666667 0.0135416667 0.0111111111
3 0.6440104167 0.5324074074 0.0145833333 0.0111111111
3 0.6750000000 0.5407407407 0.0156250000 0.0287037037
3 0.6625000000 0.5444444444 0.0161458333 0.0296296296
4 0.6492187500 0.5472222222 0.0166666667 0.0296296296
3 0.6359375000 0.5504629630 0.0166666667 0.0296296296
4 0.6221354167 0.5537037037 0.0192708333 0.0305555556
2 0.7072916667 0.6143518519 0.0057291667 0.0092592593
2 0.7869791667 0.5884259259 0.0057291667 0.0092592593
2 0.8565104167 0.5666666667 0.0057291667 0.0092592593
2 0.8234375000 0.5111111111 0.0057291667 0.0092592593
2 0.7513020833 0.4916666667 0.0057291667 0.0092592593
2 0.6880208333 0.4754629630 0.0057291667 0.0092592593
2 0.5830729167 0.4453703704 0.0057291667 0.0092592593
2 0.4835937500 0.5976851852 0.0078125000 0.0120370370
2 0.4200520833 0.5652777778 0.0078125000 0.0120370370
2 0.3661458333 0.5361111111 0.0078125000 0.0120370370
2 0.2815104167 0.4925925926 0.0078125000 0.0120370370
2 0.2479166667 0.4731481481 0.0078125000 0.0120370370
2 0.2179687500 0.4574074074 0.0078125000 0.0120370370
2 0.2700520833 0.4300925926 0.0031250000 0.0055555556
2 0.5390625000 0.4337962963 0.0036458333 0.0055555556
2 0.4992187500 0.4217592593 0.0036458333 0.0055555556
2 0.3872395833 0.4171296296 0.0020833333 0.0037037037
2 0.3309895833 0.4236111111 0.0020833333 0.0037037037
