4 0.7809895833 0.5407407407 0.0171875000 0.0268518519
3 0.7473958333 0.5550925926 0.0166666667 0.0277777778
3 0.6875000000 0.5407407407 0.0166666667 0.0268518519
0 0.6815104167 0.4930555556 0.0156250000 0.0250000000
3 0.4921875000 0.6486111111 0.0182291667 0.0305555556
4 0.6510416667 0.4611111111 0.0145833333 0.0231481481
4 0.6067708333 0.4305555556 0.0140625000 0.0231481481
4 0.5596354167 0.5009259259 0.0156250000 0.0259259259
3 0.4872395833 0.4703703704 0.0145833333 0.0231481481
1 0.5164062500 0.3546296296 0.0125000000 0.0203703704
3 0.4989583333 0.3513888889 0.0119791667 0.0203703704
3 0.4510416667 0.2981481481 0.0109375000 0.0194444444
3 0.3950520833 0.3189814815 0.0114583333 0.0194444444
4 0.3661458333 0.3217592593 0.0114583333 0.0194444444
4 0.3888020833 0.4171296296 0.0135416667 0.0222222222
4 0.3632812500 0.5111111111 0.0166666667 0.0259259259
2 0.6419270833 0.7148148148 0.0078125000 0.0129629630
2 0.7244791667 0.6694444444 0.0078125000 0.0129629630
2 0.8007812500 0.6296296296 0.0078125000 0.0129629630
2 0.4450520833 0.6777777778 0.0078125000 0.0129629630
2 0.7937500000 0.5138888889 0.0078125000 0.0129629630
2 0.7317708333 0.4685185185 0.0052083333 0.0083333333
2 0.6763020833 0.4291666667 0.0046875000 0.0074074074
2 0.3955729167 0.6115740741 0.0125000000 0.0194444444
2 0.3526041667 0.5546296296 0.0125000000 0.0194444444
2 0.2809895833 0.4592592593 0.0125000000 0.0194444444
2 0.2523437500 0.4203703704 0.0098958333 0.0157407407
2 0.2250000000 0.3861111111 0.0098958333 0.0157407407
2 0.2789062500 0.3240740741 0.0098958333 0.0157407407
2 0.3390625000 0.3087962963 0.0098958333 0.0157407407
2 0.3960937500 0.2939814815 0.0098958333 0.0157407407
2 0.5067708333 0.3069444444 0.0098958333 0.0157407407
2 0.5434895833 0.3347222222 0.0098958333 0.0157407407
2 0.5838541667 0.3611111111 0.0098958333 0.0157407407
