4 0.6083333333 0.4361111111 0.0130208333 0.0203703704
4 0.7013020833 0.5106481481 0.0145833333 0.0231481481
4 0.6789062500 0.5763888889 0.0161458333 0.0259259259
0 0.6359375000 0.5490740741 0.0156250000 0.0250000000
4 0.6059895833 0.5726851852 0.0161458333 0.0268518519
4 0.5455729167 0.5601851852 0.0156250000 0.0259259259
1 0.5000000000 0.4430555556 0.0130208333 0.0203703704
3 0.4984375000 0.4972222222 0.0140625000 0.0231481481
4 0.4596354167 0.4537037037 0.0130208333 0.0222222222
3 0.3593750000 0.5050925926 0.0140625000 0.0240740741
3 0.3588541667 0.4671296296 0.0135416667 0.0212962963
3 0.4408854167 0.4157407407 0.0119791667 0.0203703704
3 0.3802083333 0.3833333333 0.0109375000 0.0148148148
3 0.3822916667 0.3944444444 0.0109375000 0.0185185185
2 0.6890625000 0.6972222222 0.0114583333 0.0175925926
2 0.7593750000 0.6550925926 0.0114583333 0.0175925926
2 0.8236979167 0.6189814815 0.0114583333 0.0175925926
2 0.8002604167 0.5203703704 0.0109375000 0.0175925926
2 0.7359375000 0.4865740741 0.0114583333 0.0175925926
2 0.6796875000 0.4550925926 0.0114583333 0.0175925926
2 0.4958333333 0.6759259259 0.0114583333 0.0175925926
2 0.4372395833 0.6189814815 0.0114583333 0.0175925926
2 0.3890625000 0.5712962963 0.0114583333 0.0175925926
2 0.3085937500 0.4930555556 0.0052083333 0.0083333333
2 0.2750000000 0.4597222222 0.0052083333 0.0083333333
2 0.2450520833 0.4314814815 0.0052083333 0.0083333333
2 0.2895833333 0.3787037037 0.0052083333 0.0083333333
2 0.3460937500 0.3638888889 0.0052083333 0.0083333333
2 0.5833333333 0.4027777778 0.0052083333 0.0083333333
2 0.5421875000 0.3800925926 0.0052083333 0.0083333333
2 0.5044270833 0.3587962963 0.0052083333 0.0083333333
2 0.3984375000 0.3509259259 0.0052083333 0.0083333333
