3 0.5093750000 0.5157407407 0.0098958333 0.0157407407
3 0.5171875000 0.5597222222 0.0109375000 0.0175925926
0 0.5299479167 0.5731481481 0.0114583333 0.0185185185
3 0.5140625000 0.6041666667 0.0119791667 0.0111111111
3 0.4841145833 0.5953703704 0.0119791667 0.0194444444
3 0.4468750000 0.5925925926 0.0119791667 0.0185185185
3 0.4166666667 0.5546296296 0.0109375000 0.0175925926
1 0.4010416667 0.5500000000 0.0104166667 0.0175925926
3 0.3809895833 0.5629629630 0.0114583333 0.0175925926
2 0.4031250000 0.6162037037 0.0036458333 0.0055555556
2 0.4750000000 0.6148148148 0.0036458333 0.0055555556
2 0.5471354167 0.6148148148 0.0036458333 0.0055555556
2 0.6273437500 0.5847222222 0.0036458333 0.0055555556
2 0.6195312500 0.5643518519 0.0046875000 0.0074074074
2 0.6127604167 0.5472222222 0.0046875000 0.0074074074
2 0.6007812500 0.5157407407 0.0046875000 0.0074074074
2 0.5955729167 0.5013888889 0.0046875000 0.0074074074
2 0.5908854167 0.4893518519 0.0046875000 0.0074074074
2 0.3236979167 0.5861111111 0.0046875000 0.0074074074
2 0.3320312500 0.5666666667 0.0041666667 0.0064814815
2 0.3395833333 0.5486111111 0.0041666667 0.0064814815
2 0.3528645833 0.5157407407 0.0041666667 0.0064814815
2 0.3580729167 0.5032407407 0.0041666667 0.0064814815
2 0.3635416667 0.4907407407 0.0041666667 0.0064814815
2 0.4296875000 0.4750000000 0.0041666667 0.0064814815
2 0.4776041667 0.4750000000 0.0020833333 0.0037037037
