3 0.5140625000 0.6162037037 0.0161458333 0.0166666667
4 0.5291666667 0.6189814815 0.0145833333 0.0175925926
4 0.5156250000 0.6254629630 0.0156250000 0.0194444444
3 0.5447916667 0.6217592593 0.0151041667 0.0148148148
0 0.5315104167 0.6273148148 0.0140625000 0.0148148148
3 0.5187500000 0.6356481481 0.0161458333 0.0203703704
3 0.5604166667 0.6250000000 0.0151041667 0.0138888889
4 0.5479166667 0.6310185185 0.0171875000 0.0157407407
3 0.5351562500 0.6384259259 0.0156250000 0.0175925926
4 0.5208333333 0.6462962963 0.0171875000 0.0222222222
4 0.5757812500 0.6361111111 0.0156250000 0.0268518519
3 0.5638020833 0.6416666667 0.0151041667 0.0277777778
4 0.5510416667 0.6467592593 0.0166666667 0.0277777778
3 0.5382812500 0.6537037037 0.0156250000 0.0287037037
4 0.5242187500 0.6587962963 0.0171875000 0.0296296296
1 0.4119791667 0.4444444444 0.0119791667 0.0194444444
2 0.5880208333 0.7652777778 0.0046875000 0.0074074074
2 0.6679687500 0.7217592593 0.0046875000 0.0074074074
2 0.7375000000 0.6828703704 0.0046875000 0.0074074074
2 0.7208333333 0.5893518519 0.0046875000 0.0074074074
2 0.6578125000 0.5546296296 0.0046875000 0.0074074074
2 0.3841145833 0.7444444444 0.0046875000 0.0074074074
2 0.3296875000 0.6884259259 0.0046875000 0.0074074074
2 0.2841145833 0.6421296296 0.0046875000 0.0074074074
2 0.2085937500 0.5657407407 0.0046875000 0.0074074074
2 0.1781250000 0.5337962963 0.0046875000 0.0074074074
2 0.6020833333 0.5268518519 0.0046875000 0.0074074074
2 0.5080729167 0.4763888889 0.0046875000 0.0074074074
2 0.4679687500 0.4541666667 0.0046875000 0.0074074074
2 0.4315104167 0.4347222222 0.0046875000 0.0074074074
2 0.3231770833 0.4277777778 0.0046875000 0.0074074074
2 0.2664062500 0.4412037037 0.0046875000 0.0074074074
2 0.2054687500 0.4541666667 0.0046875000 0.0074074074
2 0.1510416667 0.5060185185 0.0046875000 0.0074074074
