1 0.5940104167 0.3513888889 0.0171875000 0.0296296296
0 0.4085937500 0.6620370370 0.0213541667 0.0398148148
4 0.4182291667 0.6740740741 0.0229166667 0.0407407407
2 0.3833333333 0.7671296296 0.0088541667 0.0157407407
2 0.4937500000 0.7666666667 0.0088541667 0.0157407407
2 0.6052083333 0.7638888889 0.0088541667 0.0157407407
2 0.7231770833 0.6726851852 0.0098958333 0.0175925926
2 0.7106770833 0.6106481481 0.0098958333 0.0175925926
2 0.6989583333 0.5513888889 0.0098958333 0.0175925926
2 0.6812500000 0.4527777778 0.0098958333 0.0175925926
2 0.6731770833 0.4097222222 0.0098958333 0.0175925926
2 0.6666666667 0.3699074074 0.0098958333 0.0175925926
2 0.2638020833 0.6763888889 0.0104166667 0.0185185185
2 0.2783854167 0.6101851852 0.0104166667 0.0185185185
2 0.2901041667 0.5550925926 0.0104166667 0.0185185185
2 0.3109375000 0.4560185185 0.0104166667 0.0185185185
2 0.3187500000 0.4106481481 0.0104166667 0.0185185185
2 0.3268229167 0.3736111111 0.0104166667 0.0185185185
2 0.5684895833 0.3259259259 0.0041666667 0.0074074074
2 0.4963541667 0.3263888889 0.0041666667 0.0074074074
2 0.4242187500 0.3273148148 0.0041666667 0.0074074074
