4 0.5778645833 0.2078703704 0.0197916667 0.0324074074
3 0.6054687500 0.4018518519 0.0208333333 0.0370370370
3 0.6963541667 0.6101851852 0.0239583333 0.0425925926
4 0.5981770833 0.6787037037 0.0244791667 0.0453703704
3 0.5197916667 0.5277777778 0.0229166667 0.0407407407
3 0.5200520833 0.6990740741 0.0250000000 0.0444444444
0 0.4393229167 0.2412037037 0.0187500000 0.0342592593
1 0.2908854167 0.4814814815 0.0218750000 0.0407407407
4 0.3630208333 0.7268518519 0.0255208333 0.0472222222
4 0.2523437500 0.7495370370 0.0255208333 0.0388888889
2 0.1895833333 0.6666666667 0.0072916667 0.0129629630
2 0.2054687500 0.5791666667 0.0072916667 0.0129629630
2 0.2190104167 0.4995370370 0.0072916667 0.0129629630
2 0.2434895833 0.3620370370 0.0072916667 0.0129629630
2 0.2539062500 0.3004629630 0.0072916667 0.0129629630
2 0.2638020833 0.2439814815 0.0072916667 0.0129629630
2 0.4046875000 0.1787037037 0.0072916667 0.0129629630
2 0.5059895833 0.1791666667 0.0072916667 0.0129629630
2 0.6067708333 0.1796296296 0.0072916667 0.0129629630
2 0.7476562500 0.2472222222 0.0072916667 0.0129629630
2 0.7572916667 0.3027777778 0.0072916667 0.0129629630
2 0.7677083333 0.3657407407 0.0072916667 0.0129629630
2 0.7908854167 0.5037037037 0.0072916667 0.0129629630
2 0.8031250000 0.5828703704 0.0072916667 0.0129629630
2 0.8171875000 0.6703703704 0.0072916667 0.0129629630
2 0.6494791667 0.7935185185 0.0072916667 0.0129629630
2 0.5028645833 0.7930555556 0.0072916667 0.0129629630
2 0.3557291667 0.7925925926 0.0072916667 0.0129629630
