3 0.6218750000 0.4046296296 0.0177083333 0.0259259259
4 0.6223958333 0.4296296296 0.0182291667 0.0333333333
3 0.5898437500 0.4500000000 0.0187500000 0.0324074074
4 0.6382812500 0.6138888889 0.0223958333 0.0416666667
4 0.4184895833 0.6745370370 0.0229166667 0.0416666667
0 0.4085937500 0.6615740741 0.0208333333 0.0379629630
1 0.3322916667 0.6449074074 0.0234375000 0.0388888889
2 0.3838541667 0.7657407407 0.0072916667 0.0129629630
2 0.4940104167 0.7657407407 0.0072916667 0.0129629630
2 0.6054687500 0.7648148148 0.0072916667 0.0129629630
2 0.2643229167 0.6750000000 0.0109375000 0.0194444444
2 0.2786458333 0.6101851852 0.0109375000 0.0194444444
2 0.2898437500 0.5541666667 0.0109375000 0.0194444444
2 0.3096354167 0.4550925926 0.0109375000 0.0194444444
2 0.3192708333 0.4097222222 0.0109375000 0.0194444444
2 0.3270833333 0.3703703704 0.0109375000 0.0194444444
2 0.7218750000 0.6745370370 0.0098958333 0.0175925926
2 0.7104166667 0.6097222222 0.0098958333 0.0175925926
2 0.7007812500 0.5500000000 0.0098958333 0.0175925926
2 0.6815104167 0.4500000000 0.0098958333 0.0175925926
2 0.6734375000 0.4087962963 0.0098958333 0.0175925926
2 0.6666666667 0.3712962963 0.0098958333 0.0175925926
2 0.4247395833 0.3277777778 0.0046875000 0.0083333333
2 0.4966145833 0.3263888889 0.0046875000 0.0083333333
2 0.5682291667 0.3259259259 0.0046875000 0.0083333333
