3 0.6218750000 0.4046296296 0.0177083333 0.0259259259
4 0.6221354167 0.4291666667 0.0182291667 0.0324074074
4 0.6617187500 0.5504629630 0.0213541667 0.0361111111
3 0.5174479167 0.6416666667 0.0229166667 0.0388888889
1 0.4468750000 0.6231481481 0.0223958333 0.0351851852
0 0.4177083333 0.6458333333 0.0223958333 0.0361111111
4 0.4520833333 0.6444444444 0.0229166667 0.0407407407
3 0.4130208333 0.5884259259 0.0213541667 0.0379629630
4 0.3893229167 0.6347222222 0.0223958333 0.0407407407
4 0.4161458333 0.6819444444 0.0229166667 0.0407407407
4 0.4971354167 0.7171296296 0.0234375000 0.0435185185
2 0.3835937500 0.7648148148 0.0072916667 0.0129629630
2 0.4942708333 0.7662037037 0.0072916667 0.0129629630
2 0.6046875000 0.7629629630 0.0072916667 0.0129629630
2 0.7221354167 0.6736111111 0.0098958333 0.0175925926
2 0.7109375000 0.6083333333 0.0098958333 0.0175925926
2 0.6997395833 0.5523148148 0.0098958333 0.0175925926
2 0.6815104167 0.4518518519 0.0072916667 0.0129629630
2 0.6739583333 0.4078703704 0.0072916667 0.0129629630
2 0.6666666667 0.3694444444 0.0072916667 0.0129629630
2 0.2643229167 0.6754629630 0.0093750000 0.0166666667
2 0.2781250000 0.6125000000 0.0093750000 0.0166666667
2 0.2893229167 0.5532407407 0.0093750000 0.0166666667
2 0.3101562500 0.4537037037 0.0093750000 0.0166666667
2 0.3192708333 0.4129629630 0.0093750000 0.0166666667
2 0.3265625000 0.3736111111 0.0067708333 0.0120370370
2 0.4239583333 0.3277777778 0.0057291667 0.0101851852
2 0.4966145833 0.3268518519 0.0057291667 0.0101851852
2 0.5682291667 0.3259259259 0.0057291667 0.0101851852
