3 0.6171875000 0.4013888889 0.0177083333 0.0305555556
1 0.4981770833 0.4472222222 0.0187500000 0.0333333333
3 0.4843750000 0.5240740741 0.0203125000 0.0342592593
0 0.4078125000 0.6611111111 0.0213541667 0.0398148148
4 0.4184895833 0.6763888889 0.0229166667 0.0425925926
2 0.3843750000 0.7662037037 0.0088541667 0.0157407407
2 0.4947916667 0.7671296296 0.0088541667 0.0157407407
2 0.6046875000 0.7652777778 0.0088541667 0.0157407407
2 0.2651041667 0.6768518519 0.0098958333 0.0175925926
2 0.2783854167 0.6106481481 0.0098958333 0.0175925926
2 0.2898437500 0.5550925926 0.0098958333 0.0175925926
2 0.7234375000 0.6722222222 0.0109375000 0.0194444444
2 0.7109375000 0.6101851852 0.0109375000 0.0194444444
2 0.7002604167 0.5500000000 0.0109375000 0.0194444444
2 0.6815104167 0.4509259259 0.0109375000 0.0194444444
2 0.6734375000 0.4083333333 0.0088541667 0.0157407407
2 0.6661458333 0.3699074074 0.0088541667 0.0157407407
2 0.3096354167 0.4537037037 0.0088541667 0.0157407407
2 0.3192708333 0.4115740741 0.0088541667 0.0157407407
2 0.3270833333 0.3740740741 0.0088541667 0.0157407407
2 0.4244791667 0.3277777778 0.0057291667 0.0101851852
2 0.4966145833 0.3263888889 0.0057291667 0.0101851852
2 0.5687500000 0.3268518519 0.0057291667 0.0101851852
