1 0.6200520833 0.6222222222 0.0135416667 0.0231481481
3 0.6028645833 0.5449074074 0.0109375000 0.0175925926
3 0.5184895833 0.5495370370 0.0104166667 0.0175925926
0 0.5020833333 0.5625000000 0.0093750000 0.0194444444
3 0.4960937500 0.5666666667 0.0114583333 0.0203703704
4 0.3971354167 0.6856481481 0.0156250000 0.0231481481
2 0.4489583333 0.7032407407 0.0046875000 0.0083333333
2 0.5192708333 0.7023148148 0.0046875000 0.0083333333
2 0.6632812500 0.6638888889 0.0067708333 0.0120370370
2 0.6541666667 0.6388888889 0.0067708333 0.0120370370
2 0.6460937500 0.6157407407 0.0067708333 0.0120370370
2 0.6325520833 0.5773148148 0.0052083333 0.0092592593
2 0.6268229167 0.5597222222 0.0052083333 0.0092592593
2 0.6213541667 0.5453703704 0.0052083333 0.0092592593
2 0.3734375000 0.6657407407 0.0083333333 0.0148148148
2 0.3815104167 0.6407407407 0.0083333333 0.0148148148
2 0.3885416667 0.6171296296 0.0083333333 0.0148148148
2 0.4010416667 0.5791666667 0.0052083333 0.0092592593
2 0.4059895833 0.5615740741 0.0052083333 0.0092592593
2 0.4104166667 0.5472222222 0.0052083333 0.0092592593
2 0.4703125000 0.5282407407 0.0041666667 0.0074074074
2 0.5151041667 0.5291666667 0.0041666667 0.0074074074
2 0.5596354167 0.5287037037 0.0041666667 0.0074074074
