0 0.3882812500 0.2657407407 0.0244791667 0.0435185185
1 0.3200520833 0.2787037037 0.0239583333 0.0453703704
2 0.1513020833 0.5550925926 0.0114583333 0.0129629630
2 0.1778645833 0.4791666667 0.0114583333 0.0129629630
2 0.2010416667 0.4194444444 0.0114583333 0.0129629630
2 0.2390625000 0.3171296296 0.0114583333 0.0129629630
2 0.2684895833 0.2328703704 0.0114583333 0.0129629630
2 0.4062500000 0.1916666667 0.0114583333 0.0129629630
2 0.5046875000 0.1921296296 0.0114583333 0.0129629630
2 0.6044270833 0.1916666667 0.0114583333 0.0129629630
2 0.7393229167 0.2342592593 0.0114583333 0.0129629630
2 0.7513020833 0.2712962963 0.0114583333 0.0129629630
2 0.7643229167 0.3138888889 0.0114583333 0.0129629630
2 0.7981770833 0.4180555556 0.0114583333 0.0129629630
2 0.8203125000 0.4833333333 0.0114583333 0.0129629630
2 0.8445312500 0.5550925926 0.0114583333 0.0129629630
2 0.6666666667 0.6578703704 0.0114583333 0.0129629630
2 0.4950520833 0.6578703704 0.0114583333 0.0129629630
2 0.3236979167 0.6587962963 0.0114583333 0.0129629630
