3 0.6664062500 0.6962962963 0.0255208333 0.0444444444
3 0.6533854167 0.5157407407 0.0223958333 0.0407407407
4 0.6578125000 0.2888888889 0.0192708333 0.0361111111
1 0.6158854167 0.4671296296 0.0213541667 0.0407407407
3 0.5752604167 0.4351851852 0.0213541667 0.0388888889
4 0.5513020833 0.2907407407 0.0197916667 0.0351851852
4 0.5000000000 0.4046296296 0.0213541667 0.0398148148
4 0.5328125000 0.5273148148 0.0229166667 0.0398148148
0 0.5109375000 0.6148148148 0.0234375000 0.0435185185
4 0.5247395833 0.6430555556 0.0244791667 0.0416666667
4 0.4203125000 0.3263888889 0.0197916667 0.0370370370
3 0.4179687500 0.4328703704 0.0213541667 0.0388888889
4 0.3828125000 0.7134259259 0.0250000000 0.0462962963
2 0.1898437500 0.6662037037 0.0072916667 0.0129629630
2 0.2057291667 0.5796296296 0.0072916667 0.0129629630
2 0.2195312500 0.5000000000 0.0072916667 0.0129629630
2 0.2432291667 0.3652777778 0.0072916667 0.0129629630
2 0.2546875000 0.3000000000 0.0072916667 0.0129629630
2 0.2643229167 0.2439814815 0.0072916667 0.0129629630
2 0.4046875000 0.1782407407 0.0072916667 0.0129629630
2 0.5059895833 0.1796296296 0.0072916667 0.0129629630
2 0.6075520833 0.1796296296 0.0072916667 0.0129629630
2 0.7479166667 0.2476851852 0.0072916667 0.0129629630
2 0.7575520833 0.3046296296 0.0072916667 0.0129629630
2 0.7682291667 0.3648148148 0.0072916667 0.0129629630
2 0.7908854167 0.5041666667 0.0072916667 0.0129629630
2 0.8036458333 0.5837962963 0.0072916667 0.0129629630
2 0.8177083333 0.6708333333 0.0072916667 0.0129629630
2 0.6497395833 0.7939814815 0.0072916667 0.0129629630
2 0.5028645833 0.7916666667 0.0072916667 0.0129629630
2 0.3567708333 0.7916666667 0.0072916667 0.0129629630
