3 0.8236979167 0.6282407407 0.0151041667 0.0259259259
3 0.8096354167 0.3328703704 0.0161458333 0.0277777778
4 0.7447916667 0.4444444444 0.0151041667 0.0250000000
4 0.7304687500 0.3754629630 0.0161458333 0.0287037037
4 0.7026041667 0.5611111111 0.0156250000 0.0277777778
1 0.6799479167 0.5092592593 0.0156250000 0.0277777778
0 0.5554687500 0.4953703704 0.0151041667 0.0268518519
3 0.5528645833 0.4648148148 0.0151041667 0.0268518519
3 0.4007812500 0.5226851852 0.0151041667 0.0287037037
3 0.3440104167 0.4217592593 0.0151041667 0.0268518519
4 0.3604166667 0.3708333333 0.0156250000 0.0268518519
3 0.3567708333 0.2379629630 0.0156250000 0.0259259259
4 0.2888020833 0.2226851852 0.0151041667 0.0268518519
3 0.2489583333 0.6652777778 0.0161458333 0.0305555556
2 0.1390625000 0.6578703704 0.0072916667 0.0129629630
2 0.1382812500 0.5064814815 0.0072916667 0.0129629630
2 0.1380208333 0.3555555556 0.0072916667 0.0129629630
2 0.2471354167 0.1620370370 0.0072916667 0.0129629630
2 0.3317708333 0.1606481481 0.0072916667 0.0129629630
2 0.4174479167 0.1601851852 0.0072916667 0.0129629630
2 0.5877604167 0.1597222222 0.0072916667 0.0129629630
2 0.6723958333 0.1606481481 0.0072916667 0.0129629630
2 0.7578125000 0.1606481481 0.0072916667 0.0129629630
2 0.8653645833 0.3546296296 0.0072916667 0.0129629630
2 0.8658854167 0.5064814815 0.0072916667 0.0129629630
2 0.8653645833 0.6578703704 0.0072916667 0.0129629630
2 0.7557291667 0.8495370370 0.0072916667 0.0129629630
2 0.6705729167 0.8495370370 0.0072916667 0.0129629630
2 0.5864583333 0.8495370370 0.0072916667 0.0129629630
2 0.4179687500 0.8500000000 0.0072916667 0.0129629630
2 0.3328125000 0.8495370370 0.0072916667 0.0129629630
2 0.2476562500 0.8490740741 0.0072916667 0.0129629630
