3 0.8239583333 0.6277777778 0.0151041667 0.0259259259
3 0.8098958333 0.3333333333 0.0156250000 0.0277777778
3 0.5533854167 0.4638888889 0.0156250000 0.0259259259
0 0.5557291667 0.4953703704 0.0145833333 0.0277777778
1 0.5164062500 0.5476851852 0.0161458333 0.0277777778
3 0.4010416667 0.5231481481 0.0151041667 0.0287037037
3 0.3442708333 0.4208333333 0.0156250000 0.0268518519
4 0.3601562500 0.3699074074 0.0161458333 0.0259259259
3 0.3567708333 0.2375000000 0.0156250000 0.0259259259
4 0.2888020833 0.2231481481 0.0151041667 0.0277777778
3 0.2486979167 0.6648148148 0.0156250000 0.0277777778
2 0.1385416667 0.6569444444 0.0072916667 0.0129629630
2 0.1388020833 0.5064814815 0.0072916667 0.0129629630
2 0.1382812500 0.3560185185 0.0072916667 0.0129629630
2 0.2466145833 0.1606481481 0.0072916667 0.0129629630
2 0.3315104167 0.1601851852 0.0072916667 0.0129629630
2 0.4174479167 0.1597222222 0.0072916667 0.0129629630
2 0.5869791667 0.1601851852 0.0072916667 0.0129629630
2 0.6726562500 0.1601851852 0.0072916667 0.0129629630
2 0.7580729167 0.1611111111 0.0072916667 0.0129629630
2 0.8658854167 0.3550925926 0.0072916667 0.0129629630
2 0.8653645833 0.5064814815 0.0072916667 0.0129629630
2 0.8653645833 0.6574074074 0.0072916667 0.0129629630
2 0.7554687500 0.8504629630 0.0072916667 0.0129629630
2 0.6710937500 0.8495370370 0.0072916667 0.0129629630
2 0.5864583333 0.8504629630 0.0072916667 0.0129629630
2 0.4177083333 0.8500000000 0.0072916667 0.0129629630
2 0.3330729167 0.8490740741 0.0072916667 0.0129629630
2 0.2479166667 0.8490740741 0.0072916667 0.0129629630
