3 0.8239583333 0.6282407407 0.0156250000 0.0259259259
3 0.8093750000 0.3324074074 0.0156250000 0.0277777778
0 0.5557291667 0.4953703704 0.0151041667 0.0268518519
3 0.5531250000 0.4638888889 0.0151041667 0.0268518519
3 0.4007812500 0.5217592593 0.0151041667 0.0268518519
3 0.3440104167 0.4212962963 0.0156250000 0.0268518519
3 0.3567708333 0.2370370370 0.0156250000 0.0268518519
1 0.3125000000 0.2245370370 0.0156250000 0.0287037037
4 0.2882812500 0.2240740741 0.0156250000 0.0296296296
3 0.2486979167 0.6648148148 0.0166666667 0.0277777778
2 0.1390625000 0.6569444444 0.0072916667 0.0129629630
2 0.1382812500 0.5083333333 0.0072916667 0.0129629630
2 0.1375000000 0.3541666667 0.0072916667 0.0129629630
2 0.2473958333 0.1606481481 0.0072916667 0.0129629630
2 0.3320312500 0.1606481481 0.0072916667 0.0129629630
2 0.4171875000 0.1601851852 0.0072916667 0.0129629630
2 0.5869791667 0.1606481481 0.0072916667 0.0129629630
2 0.6729166667 0.1606481481 0.0072916667 0.0129629630
2 0.7578125000 0.1606481481 0.0072916667 0.0129629630
2 0.8658854167 0.3555555556 0.0072916667 0.0129629630
2 0.8653645833 0.5055555556 0.0072916667 0.0129629630
2 0.8653645833 0.6574074074 0.0072916667 0.0129629630
2 0.7559895833 0.8504629630 0.0072916667 0.0129629630
2 0.6710937500 0.8495370370 0.0072916667 0.0129629630
2 0.5864583333 0.8504629630 0.0072916667 0.0129629630
2 0.4184895833 0.8495370370 0.0072916667 0.0129629630
2 0.3328125000 0.8486111111 0.0072916667 0.0129629630
2 0.2481770833 0.8495370370 0.0072916667 0.0129629630
