4 0.7291666667 0.4675925926 0.0218750000 0.0407407407
4 0.7101562500 0.5652777778 0.0229166667 0.0435185185
3 0.6947916667 0.5828703704 0.0234375000 0.0425925926
3 0.5770833333 0.6111111111 0.0234375000 0.0425925926
3 0.5359375000 0.6115740741 0.0239583333 0.0416666667
4 0.6093750000 0.5750000000 0.0234375000 0.0416666667
4 0.5328125000 0.5523148148 0.0229166667 0.0416666667
0 0.4924479167 0.5439814815 0.0229166667 0.0416666667
3 0.5989583333 0.4916666667 0.0218750000 0.0388888889
4 0.5320312500 0.4967592593 0.0223958333 0.0388888889
4 0.4481770833 0.4634259259 0.0213541667 0.0398148148
4 0.6552083333 0.3490740741 0.0203125000 0.0361111111
3 0.6825520833 0.2212962963 0.0187500000 0.0333333333
1 0.5825520833 0.2245370370 0.0187500000 0.0333333333
3 0.3848958333 0.2444444444 0.0187500000 0.0333333333
3 0.3848958333 0.2879629630 0.0192708333 0.0351851852
2 0.1895833333 0.6666666667 0.0072916667 0.0129629630
2 0.2059895833 0.5787037037 0.0072916667 0.0129629630
2 0.2195312500 0.5000000000 0.0072916667 0.0129629630
2 0.2432291667 0.3629629630 0.0072916667 0.0129629630
2 0.2539062500 0.3013888889 0.0072916667 0.0129629630
2 0.2638020833 0.2444444444 0.0072916667 0.0129629630
2 0.4044270833 0.1791666667 0.0072916667 0.0129629630
2 0.5054687500 0.1791666667 0.0072916667 0.0129629630
2 0.6075520833 0.1791666667 0.0072916667 0.0129629630
2 0.7484375000 0.2476851852 0.0072916667 0.0129629630
2 0.7572916667 0.3041666667 0.0072916667 0.0129629630
2 0.7679687500 0.3657407407 0.0072916667 0.0129629630
2 0.7906250000 0.5046296296 0.0072916667 0.0129629630
2 0.8033854167 0.5837962963 0.0072916667 0.0129629630
2 0.8177083333 0.6699074074 0.0072916667 0.0129629630
2 0.6494791667 0.7944444444 0.0072916667 0.0129629630
2 0.5031250000 0.7930555556 0.0072916667 0.0129629630
2 0.3559895833 0.7925925926 0.0072916667 0.0129629630
