0 0.6210937500 0.5208333333 0.0151041667 0.0268518519
3 0.6919270833 0.4708333333 0.0145833333 0.0268518519
3 0.6914062500 0.4226851852 0.0151041667 0.0259259259
3 0.7437500000 0.3430555556 0.0156250000 0.0268518519
4 0.6312500000 0.4731481481 0.0151041667 0.0287037037
4 0.6536458333 0.3837962963 0.0151041667 0.0287037037
3 0.6882812500 0.2791666667 0.0151041667 0.0268518519
4 0.6437500000 0.2657407407 0.0151041667 0.0268518519
4 0.5343750000 0.2273148148 0.0151041667 0.0259259259
4 0.5703125000 0.4736111111 0.0156250000 0.0268518519
4 0.5309895833 0.5763888889 0.0145833333 0.0287037037
4 0.3846354167 0.3069444444 0.0161458333 0.0287037037
3 0.2997395833 0.6736111111 0.0156250000 0.0277777778
1 0.2791666667 0.4763888889 0.0161458333 0.0287037037
2 0.2466145833 0.1601851852 0.0072916667 0.0129629630
2 0.3317708333 0.1601851852 0.0072916667 0.0129629630
2 0.4171875000 0.1597222222 0.0072916667 0.0129629630
2 0.5875000000 0.1597222222 0.0072916667 0.0129629630
2 0.6723958333 0.1601851852 0.0072916667 0.0129629630
2 0.7580729167 0.1606481481 0.0072916667 0.0129629630
2 0.8658854167 0.3550925926 0.0072916667 0.0129629630
2 0.8656250000 0.5064814815 0.0072916667 0.0129629630
2 0.8648437500 0.6578703704 0.0072916667 0.0129629630
2 0.7557291667 0.8495370370 0.0072916667 0.0129629630
2 0.6708333333 0.8495370370 0.0072916667 0.0129629630
2 0.5861979167 0.8504629630 0.0072916667 0.0129629630
2 0.4174479167 0.8495370370 0.0072916667 0.0129629630
2 0.3322916667 0.8490740741 0.0072916667 0.0129629630
2 0.2481770833 0.8490740741 0.0072916667 0.0129629630
2 0.1385416667 0.6569444444 0.0072916667 0.0129629630
2 0.1382812500 0.5060185185 0.0072916667 0.0129629630
2 0.1380208333 0.3550925926 0.0072916667 0.0129629630
