4 0.8302083333 0.3171296296 0.0151041667 0.0268518519
4 0.7203125000 0.4175925926 0.0171875000 0.0268518519
3 0.6856770833 0.2726851852 0.0151041667 0.0268518519
0 0.6690104167 0.3879629630 0.0151041667 0.0268518519
3 0.6770833333 0.7907407407 0.0151041667 0.0287037037
3 0.6341145833 0.7060185185 0.0145833333 0.0259259259
4 0.5567708333 0.6601851852 0.0151041667 0.0268518519
1 0.5718750000 0.4189814815 0.0156250000 0.0268518519
4 0.5661458333 0.3226851852 0.0151041667 0.0277777778
4 0.4208333333 0.4777777778 0.0156250000 0.0277777778
3 0.3830729167 0.2226851852 0.0156250000 0.0296296296
2 0.2463541667 0.1606481481 0.0072916667 0.0129629630
2 0.3315104167 0.1611111111 0.0072916667 0.0129629630
2 0.4174479167 0.1601851852 0.0072916667 0.0129629630
2 0.5872395833 0.1597222222 0.0072916667 0.0129629630
2 0.6726562500 0.1606481481 0.0072916667 0.0129629630
2 0.7578125000 0.1611111111 0.0072916667 0.0129629630
2 0.8661458333 0.3550925926 0.0072916667 0.0129629630
2 0.8656250000 0.5064814815 0.0072916667 0.0129629630
2 0.8648437500 0.6574074074 0.0072916667 0.0129629630
2 0.7557291667 0.8495370370 0.0072916667 0.0129629630
2 0.6708333333 0.8500000000 0.0072916667 0.0129629630
2 0.5861979167 0.8500000000 0.0072916667 0.0129629630
2 0.4174479167 0.8500000000 0.0072916667 0.0129629630
2 0.3322916667 0.8495370370 0.0072916667 0.0129629630
2 0.2479166667 0.8495370370 0.0072916667 0.0129629630
2 0.1393229167 0.6569444444 0.0072916667 0.0129629630
2 0.1382812500 0.5060185185 0.0072916667 0.0129629630
2 0.1377604167 0.3546296296 0.0072916667 0.0129629630
