3 0.8247395833 0.6703703704 0.0171875000 0.0296296296
1 0.7502604167 0.5027777778 0.0161458333 0.0296296296
0 0.6692708333 0.3879629630 0.0156250000 0.0277777778
4 0.5661458333 0.3222222222 0.0156250000 0.0277777778
2 0.2466145833 0.1620370370 0.0072916667 0.0129629630
2 0.3320312500 0.1606481481 0.0072916667 0.0129629630
2 0.4171875000 0.1601851852 0.0072916667 0.0129629630
2 0.5867187500 0.1601851852 0.0072916667 0.0129629630
2 0.6726562500 0.1606481481 0.0072916667 0.0129629630
2 0.7575520833 0.1611111111 0.0072916667 0.0129629630
2 0.8656250000 0.3550925926 0.0072916667 0.0129629630
2 0.8656250000 0.5069444444 0.0072916667 0.0129629630
2 0.8648437500 0.6578703704 0.0072916667 0.0129629630
2 0.7559895833 0.8500000000 0.0072916667 0.0129629630
2 0.6710937500 0.8500000000 0.0072916667 0.0129629630
2 0.5861979167 0.8504629630 0.0072916667 0.0129629630
2 0.4174479167 0.8495370370 0.0072916667 0.0129629630
2 0.3328125000 0.8495370370 0.0072916667 0.0129629630
2 0.2479166667 0.8495370370 0.0072916667 0.0129629630
2 0.1388020833 0.6574074074 0.0072916667 0.0129629630
2 0.1382812500 0.5055555556 0.0072916667 0.0129629630
2 0.1377604167 0.3550925926 0.0072916667 0.0129629630
