4 0.6518229167 0.7125000000 0.0239583333 0.0425925926
0 0.3700520833 0.5231481481 0.0234375000 0.0416666667
1 0.2216145833 0.5375000000 0.0244791667 0.0416666667
3 0.1658854167 0.5615740741 0.0244791667 0.0407407407
3 0.1312500000 0.5254629630 0.0250000000 0.0425925926
3 0.1065104167 0.3861111111 0.0244791667 0.0416666667
2 0.0643229167 0.6870370370 0.0072916667 0.0129629630
2 0.0658854167 0.5000000000 0.0072916667 0.0129629630
2 0.0669270833 0.3129629630 0.0072916667 0.0129629630
2 0.1950520833 0.0875000000 0.0072916667 0.0129629630
2 0.2989583333 0.0888888889 0.0072916667 0.0129629630
2 0.4026041667 0.0898148148 0.0072916667 0.0129629630
2 0.6104166667 0.0870370370 0.0072916667 0.0129629630
2 0.7140625000 0.0865740741 0.0072916667 0.0129629630
2 0.8184895833 0.0847222222 0.0072916667 0.0129629630
2 0.9486979167 0.3125000000 0.0072916667 0.0129629630
2 0.9497395833 0.4995370370 0.0072916667 0.0129629630
2 0.9507812500 0.6865740741 0.0072916667 0.0129629630
2 0.8213541667 0.9162037037 0.0072916667 0.0129629630
2 0.7153645833 0.9166666667 0.0072916667 0.0129629630
2 0.6111979167 0.9143518519 0.0072916667 0.0129629630
2 0.4020833333 0.9157407407 0.0072916667 0.0129629630
2 0.2986979167 0.9166666667 0.0072916667 0.0129629630
2 0.1929687500 0.9166666667 0.0072916667 0.0129629630
