3 0.6867187500 0.3597222222 0.0203125000 0.0361111111
3 0.5388020833 0.2597222222 0.0182291667 0.0314814815
4 0.5479166667 0.2726851852 0.0203125000 0.0342592593
3 0.3895833333 0.2615740741 0.0192708333 0.0351851852
1 0.4005208333 0.3935185185 0.0213541667 0.0379629630
3 0.4059895833 0.4500000000 0.0218750000 0.0379629630
3 0.3531250000 0.4759259259 0.0223958333 0.0388888889
4 0.7156250000 0.4643518519 0.0223958333 0.0388888889
0 0.6692708333 0.5106481481 0.0229166667 0.0379629630
4 0.4041666667 0.5523148148 0.0229166667 0.0407407407
4 0.3388020833 0.5453703704 0.0223958333 0.0416666667
3 0.3132812500 0.5574074074 0.0234375000 0.0398148148
4 0.6036458333 0.6398148148 0.0239583333 0.0444444444
4 0.4817708333 0.7287037037 0.0260416667 0.0462962963
3 0.3575520833 0.7481481481 0.0244791667 0.0425925926
4 0.3026041667 0.6884259259 0.0239583333 0.0444444444
2 0.1903645833 0.6666666667 0.0072916667 0.0129629630
2 0.2057291667 0.5787037037 0.0072916667 0.0129629630
2 0.2192708333 0.5004629630 0.0072916667 0.0129629630
2 0.2434895833 0.3620370370 0.0072916667 0.0129629630
2 0.2539062500 0.3009259259 0.0072916667 0.0129629630
2 0.2640625000 0.2444444444 0.0072916667 0.0129629630
2 0.4046875000 0.1782407407 0.0072916667 0.0129629630
2 0.5059895833 0.1787037037 0.0072916667 0.0129629630
2 0.6072916667 0.1796296296 0.0072916667 0.0129629630
2 0.7479166667 0.2467592593 0.0072916667 0.0129629630
2 0.7578125000 0.3046296296 0.0072916667 0.0129629630
2 0.7679687500 0.3657407407 0.0072916667 0.0129629630
2 0.7906250000 0.5041666667 0.0072916667 0.0129629630
2 0.8033854167 0.5819444444 0.0072916667 0.0129629630
2 0.8177083333 0.6703703704 0.0072916667 0.0129629630
2 0.6497395833 0.7944444444 0.0072916667 0.0129629630
2 0.5028645833 0.7925925926 0.0072916667 0.0129629630
2 0.3557291667 0.7921296296 0.0072916667 0.0129629630
