0 0.6075520833 0.5898148148 0.0239583333 0.0416666667
1 0.5169270833 0.4115740741 0.0213541667 0.0388888889
3 0.3466145833 0.7532407407 0.0250000000 0.0351851852
2 0.1893229167 0.6666666667 0.0072916667 0.0129629630
2 0.2052083333 0.5800925926 0.0072916667 0.0129629630
2 0.2195312500 0.5000000000 0.0072916667 0.0129629630
2 0.2437500000 0.3625000000 0.0072916667 0.0129629630
2 0.2539062500 0.3009259259 0.0072916667 0.0129629630
2 0.2638020833 0.2444444444 0.0072916667 0.0129629630
2 0.4049479167 0.1787037037 0.0072916667 0.0129629630
2 0.5065104167 0.1787037037 0.0072916667 0.0129629630
2 0.6075520833 0.1796296296 0.0072916667 0.0129629630
2 0.7481770833 0.2472222222 0.0072916667 0.0129629630
2 0.7578125000 0.3041666667 0.0072916667 0.0129629630
2 0.7679687500 0.3648148148 0.0072916667 0.0129629630
2 0.7906250000 0.5041666667 0.0072916667 0.0129629630
2 0.8036458333 0.5842592593 0.0072916667 0.0129629630
2 0.8182291667 0.6708333333 0.0072916667 0.0129629630
2 0.6494791667 0.7944444444 0.0072916667 0.0129629630
2 0.5020833333 0.7921296296 0.0072916667 0.0129629630
2 0.3557291667 0.7916666667 0.0072916667 0.0129629630
