4 0.8171875000 0.7717592593 0.0156250000 0.0277777778
1 0.8197916667 0.6972222222 0.0166666667 0.0277777778
3 0.8182291667 0.6592592593 0.0156250000 0.0268518519
4 0.7989583333 0.5287037037 0.0161458333 0.0277777778
4 0.7184895833 0.3949074074 0.0156250000 0.0277777778
4 0.6276041667 0.6768518519 0.0151041667 0.0268518519
4 0.6309895833 0.6250000000 0.0156250000 0.0277777778
0 0.5851562500 0.3069444444 0.0156250000 0.0268518519
4 0.5309895833 0.2444444444 0.0151041667 0.0277777778
3 0.3986979167 0.2666666667 0.0151041667 0.0277777778
4 0.2747395833 0.4472222222 0.0156250000 0.0287037037
2 0.1385416667 0.6569444444 0.0072916667 0.0129629630
2 0.1388020833 0.5069444444 0.0072916667 0.0129629630
2 0.1377604167 0.3546296296 0.0072916667 0.0129629630
2 0.2468750000 0.1606481481 0.0072916667 0.0129629630
2 0.3320312500 0.1606481481 0.0072916667 0.0129629630
2 0.4171875000 0.1601851852 0.0072916667 0.0129629630
2 0.5875000000 0.1597222222 0.0072916667 0.0129629630
2 0.6731770833 0.1601851852 0.0072916667 0.0129629630
2 0.7580729167 0.1601851852 0.0072916667 0.0129629630
2 0.8664062500 0.3550925926 0.0072916667 0.0129629630
2 0.8658854167 0.5069444444 0.0072916667 0.0129629630
2 0.8648437500 0.6569444444 0.0072916667 0.0129629630
2 0.7559895833 0.8490740741 0.0072916667 0.0129629630
2 0.6710937500 0.8495370370 0.0072916667 0.0129629630
2 0.5864583333 0.8500000000 0.0072916667 0.0129629630
2 0.4174479167 0.8500000000 0.0072916667 0.0129629630
2 0.3328125000 0.8504629630 0.0072916667 0.0129629630
2 0.2481770833 0.8490740741 0.0072916667 0.0129629630
