1 0.7942708333 0.3870370370 0.0161458333 0.0287037037
4 0.7989583333 0.5305555556 0.0161458333 0.0287037037
0 0.5846354167 0.3083333333 0.0156250000 0.0287037037
4 0.6039062500 0.7324074074 0.0161458333 0.0287037037
4 0.5460937500 0.5023148148 0.0161458333 0.0277777778
3 0.2497395833 0.5541666667 0.0161458333 0.0277777778
2 0.1385416667 0.6574074074 0.0072916667 0.0129629630
2 0.1382812500 0.5060185185 0.0072916667 0.0129629630
2 0.1380208333 0.3550925926 0.0072916667 0.0129629630
2 0.2468750000 0.1606481481 0.0072916667 0.0129629630
2 0.3320312500 0.1601851852 0.0072916667 0.0129629630
2 0.4171875000 0.1601851852 0.0072916667 0.0129629630
2 0.5872395833 0.1601851852 0.0072916667 0.0129629630
2 0.6726562500 0.1606481481 0.0072916667 0.0129629630
2 0.7580729167 0.1606481481 0.0072916667 0.0129629630
2 0.8661458333 0.3560185185 0.0072916667 0.0129629630
2 0.8656250000 0.5064814815 0.0072916667 0.0129629630
2 0.8651041667 0.6574074074 0.0072916667 0.0129629630
2 0.7559895833 0.8495370370 0.0072916667 0.0129629630
2 0.6710937500 0.8500000000 0.0072916667 0.0129629630
2 0.5861979167 0.8500000000 0.0072916667 0.0129629630
2 0.4177083333 0.8495370370 0.0072916667 0.0129629630
2 0.3328125000 0.8495370370 0.0072916667 0.0129629630
2 0.2479166667 0.8490740741 0.0072916667 0.0129629630
