1 0.5757812500 0.2268518519 0.0239583333 0.0425925926
4 0.8184895833 0.8226851852 0.0255208333 0.0444444444
4 0.4786458333 0.2560185185 0.0239583333 0.0425925926
4 0.3406250000 0.8291666667 0.0244791667 0.0416666667
3 0.2960937500 0.8435185185 0.0239583333 0.0425925926
0 0.1778645833 0.8365740741 0.0234375000 0.0425925926
4 0.1783854167 0.7925925926 0.0250000000 0.0416666667
4 0.2158854167 0.3699074074 0.0250000000 0.0425925926
2 0.0656250000 0.6861111111 0.0072916667 0.0129629630
2 0.0658854167 0.4995370370 0.0072916667 0.0129629630
2 0.0669270833 0.3143518519 0.0072916667 0.0129629630
2 0.1947916667 0.0865740741 0.0072916667 0.0129629630
2 0.2989583333 0.0875000000 0.0072916667 0.0129629630
2 0.4026041667 0.0879629630 0.0072916667 0.0129629630
2 0.6098958333 0.0861111111 0.0072916667 0.0129629630
2 0.7138020833 0.0856481481 0.0072916667 0.0129629630
2 0.8187500000 0.0856481481 0.0072916667 0.0129629630
2 0.9494791667 0.3138888889 0.0072916667 0.0129629630
2 0.9500000000 0.4986111111 0.0072916667 0.0129629630
2 0.9507812500 0.6870370370 0.0072916667 0.0129629630
2 0.8205729167 0.9171296296 0.0072916667 0.0129629630
2 0.7148437500 0.9152777778 0.0072916667 0.0129629630
2 0.6101562500 0.9148148148 0.0072916667 0.0129629630
2 0.4018229167 0.9157407407 0.0072916667 0.0129629630
2 0.2981770833 0.9157407407 0.0072916667 0.0129629630
2 0.1927083333 0.9162037037 0.0072916667 0.0129629630
