0 0.5846354167 0.3069444444 0.0151041667 0.0268518519
1 0.7085937500 0.7268518519 0.0156250000 0.0277777778
4 0.6039062500 0.7314814815 0.0156250000 0.0287037037
4 0.5463541667 0.5018518519 0.0171875000 0.0305555556
3 0.2494791667 0.5527777778 0.0156250000 0.0268518519
2 0.1385416667 0.6578703704 0.0072916667 0.0129629630
2 0.1382812500 0.5060185185 0.0072916667 0.0129629630
2 0.1377604167 0.3555555556 0.0072916667 0.0129629630
2 0.2466145833 0.1606481481 0.0072916667 0.0129629630
2 0.3320312500 0.1601851852 0.0072916667 0.0129629630
2 0.4171875000 0.1601851852 0.0072916667 0.0129629630
2 0.5875000000 0.1592592593 0.0072916667 0.0129629630
2 0.6726562500 0.1606481481 0.0072916667 0.0129629630
2 0.7575520833 0.1611111111 0.0072916667 0.0129629630
2 0.8661458333 0.3555555556 0.0072916667 0.0129629630
2 0.8656250000 0.5074074074 0.0072916667 0.0129629630
2 0.8653645833 0.6574074074 0.0072916667 0.0129629630
2 0.7562500000 0.8495370370 0.0072916667 0.0129629630
2 0.6710937500 0.8495370370 0.0072916667 0.0129629630
2 0.5861979167 0.8500000000 0.0072916667 0.0129629630
2 0.4177083333 0.8504629630 0.0072916667 0.0129629630
2 0.3328125000 0.8495370370 0.0072916667 0.0129629630
2 0.2481770833 0.8490740741 0.0072916667 0.0129629630
