1 0.4080729167 0.5407407407 0.0130208333 0.0222222222
0 0.5651041667 0.6402777778 0.0156250000 0.0296296296
3 0.5101562500 0.6629629630 0.0156250000 0.0305555556
3 0.5052083333 0.6763888889 0.0171875000 0.0314814815
3 0.4859375000 0.6833333333 0.0171875000 0.0324074074
2 0.3192708333 0.6745370370 0.0072916667 0.0092592593
2 0.3289062500 0.6462962963 0.0072916667 0.0092592593
2 0.3375000000 0.6217592593 0.0072916667 0.0092592593
2 0.3513020833 0.5787037037 0.0072916667 0.0092592593
2 0.3578125000 0.5597222222 0.0072916667 0.0092592593
2 0.3643229167 0.5435185185 0.0072916667 0.0092592593
2 0.4372395833 0.5236111111 0.0072916667 0.0092592593
2 0.4908854167 0.5226851852 0.0072916667 0.0092592593
2 0.5445312500 0.5217592593 0.0072916667 0.0092592593
2 0.6174479167 0.5398148148 0.0072916667 0.0092592593
2 0.6231770833 0.5569444444 0.0072916667 0.0092592593
2 0.6294270833 0.5745370370 0.0072916667 0.0092592593
2 0.6447916667 0.6171296296 0.0072916667 0.0092592593
2 0.6536458333 0.6421296296 0.0072916667 0.0092592593
2 0.6643229167 0.6699074074 0.0072916667 0.0092592593
2 0.5757812500 0.7087962963 0.0072916667 0.0092592593
2 0.4921875000 0.7106481481 0.0072916667 0.0092592593
2 0.4088541667 0.7125000000 0.0072916667 0.0092592593
