0 0.5848958333 0.3078703704 0.0156250000 0.0268518519
4 0.5463541667 0.5032407407 0.0156250000 0.0277777778
1 0.5653645833 0.6740740741 0.0161458333 0.0277777778
3 0.2492187500 0.5532407407 0.0156250000 0.0268518519
2 0.1388020833 0.6569444444 0.0072916667 0.0129629630
2 0.1382812500 0.5069444444 0.0072916667 0.0129629630
2 0.1377604167 0.3555555556 0.0072916667 0.0129629630
2 0.2466145833 0.1611111111 0.0072916667 0.0129629630
2 0.3320312500 0.1601851852 0.0072916667 0.0129629630
2 0.4174479167 0.1597222222 0.0072916667 0.0129629630
2 0.5877604167 0.1606481481 0.0072916667 0.0129629630
2 0.6723958333 0.1606481481 0.0072916667 0.0129629630
2 0.7580729167 0.1611111111 0.0072916667 0.0129629630
2 0.8664062500 0.3555555556 0.0072916667 0.0129629630
2 0.8656250000 0.5064814815 0.0072916667 0.0129629630
2 0.8653645833 0.6578703704 0.0072916667 0.0129629630
2 0.7559895833 0.8495370370 0.0072916667 0.0129629630
2 0.6710937500 0.8495370370 0.0072916667 0.0129629630
2 0.5861979167 0.8500000000 0.0072916667 0.0129629630
2 0.4177083333 0.8500000000 0.0072916667 0.0129629630
2 0.3328125000 0.8490740741 0.0072916667 0.0129629630
2 0.2479166667 0.8481481481 0.0072916667 0.0129629630
