4 0.5669270833 0.3462962963 0.0151041667 0.0268518519
3 0.5341145833 0.3962962963 0.0145833333 0.0277777778
4 0.6953125000 0.5245370370 0.0151041667 0.0259259259
3 0.7140625000 0.5328703704 0.0156250000 0.0268518519
3 0.6791666667 0.5699074074 0.0161458333 0.0268518519
3 0.7015625000 0.6666666667 0.0151041667 0.0268518519
4 0.6132812500 0.7532407407 0.0156250000 0.0268518519
4 0.5679687500 0.6944444444 0.0151041667 0.0268518519
4 0.5192708333 0.7310185185 0.0151041667 0.0268518519
3 0.4320312500 0.7750000000 0.0156250000 0.0287037037
0 0.3585937500 0.6856481481 0.0156250000 0.0268518519
3 0.2510416667 0.3263888889 0.0151041667 0.0259259259
3 0.2377604167 0.5050925926 0.0156250000 0.0268518519
4 0.2328125000 0.7120370370 0.0161458333 0.0277777778
1 0.1765625000 0.5101851852 0.0161458333 0.0277777778
2 0.1390625000 0.6578703704 0.0072916667 0.0129629630
2 0.1382812500 0.5060185185 0.0072916667 0.0129629630
2 0.1377604167 0.3546296296 0.0072916667 0.0129629630
2 0.2468750000 0.1606481481 0.0072916667 0.0129629630
2 0.3317708333 0.1606481481 0.0072916667 0.0129629630
2 0.4171875000 0.1601851852 0.0072916667 0.0129629630
2 0.5875000000 0.1597222222 0.0072916667 0.0129629630
2 0.6726562500 0.1606481481 0.0072916667 0.0129629630
2 0.7578125000 0.1606481481 0.0072916667 0.0129629630
2 0.8664062500 0.3550925926 0.0072916667 0.0129629630
2 0.8658854167 0.5069444444 0.0072916667 0.0129629630
2 0.8653645833 0.6583333333 0.0072916667 0.0129629630
2 0.7557291667 0.8500000000 0.0072916667 0.0129629630
2 0.6708333333 0.8495370370 0.0072916667 0.0129629630
2 0.5859375000 0.8500000000 0.0072916667 0.0129629630
2 0.4174479167 0.8495370370 0.0072916667 0.0129629630
2 0.3330729167 0.8490740741 0.0072916667 0.0129629630
2 0.2481770833 0.8490740741 0.0072916667 0.0129629630
