3 0.7140625000 0.5337962963 0.0151041667 0.0277777778
4 0.6953125000 0.5245370370 0.0156250000 0.0268518519
3 0.6799479167 0.5703703704 0.0161458333 0.0277777778
3 0.7013020833 0.6675925926 0.0156250000 0.0259259259
4 0.6502604167 0.7532407407 0.0156250000 0.0268518519
4 0.6205729167 0.7851851852 0.0156250000 0.0277777778
4 0.5671875000 0.3467592593 0.0145833333 0.0287037037
3 0.5338541667 0.3953703704 0.0151041667 0.0268518519
4 0.5195312500 0.7305555556 0.0151041667 0.0268518519
1 0.4471354167 0.7699074074 0.0156250000 0.0287037037
0 0.3583333333 0.6861111111 0.0156250000 0.0268518519
3 0.2507812500 0.3273148148 0.0156250000 0.0268518519
3 0.2377604167 0.5050925926 0.0156250000 0.0259259259
4 0.2330729167 0.7129629630 0.0161458333 0.0277777778
2 0.1385416667 0.6569444444 0.0072916667 0.0129629630
2 0.1380208333 0.5064814815 0.0072916667 0.0129629630
2 0.1380208333 0.3541666667 0.0072916667 0.0129629630
2 0.2471354167 0.1606481481 0.0072916667 0.0129629630
2 0.3320312500 0.1601851852 0.0072916667 0.0129629630
2 0.4171875000 0.1597222222 0.0072916667 0.0129629630
2 0.5875000000 0.1597222222 0.0072916667 0.0129629630
2 0.6723958333 0.1601851852 0.0072916667 0.0129629630
2 0.7575520833 0.1611111111 0.0072916667 0.0129629630
2 0.8656250000 0.3555555556 0.0072916667 0.0129629630
2 0.8653645833 0.5064814815 0.0072916667 0.0129629630
2 0.8648437500 0.6574074074 0.0072916667 0.0129629630
2 0.7559895833 0.8490740741 0.0072916667 0.0129629630
2 0.6713541667 0.8500000000 0.0072916667 0.0129629630
2 0.5859375000 0.8504629630 0.0072916667 0.0129629630
2 0.4174479167 0.8500000000 0.0072916667 0.0129629630
2 0.3328125000 0.8500000000 0.0072916667 0.0129629630
2 0.2484375000 0.8490740741 0.0072916667 0.0129629630
