3 0.8361979167 0.5796296296 0.0255208333 0.0425925926
1 0.8536458333 0.3930555556 0.0244791667 0.0425925926
3 0.7072916667 0.2310185185 0.0255208333 0.0425925926
4 0.5861979167 0.1777777778 0.0244791667 0.0453703704
4 0.4169270833 0.7930555556 0.0260416667 0.0425925926
4 0.4075520833 0.7328703704 0.0239583333 0.0425925926
0 0.1523437500 0.4666666667 0.0244791667 0.0407407407
2 0.0638020833 0.6893518519 0.0072916667 0.0129629630
2 0.0645833333 0.5018518519 0.0072916667 0.0129629630
2 0.0658854167 0.3166666667 0.0072916667 0.0129629630
2 0.1937500000 0.0879629630 0.0072916667 0.0129629630
2 0.2979166667 0.0888888889 0.0072916667 0.0129629630
2 0.4023437500 0.0888888889 0.0072916667 0.0129629630
2 0.6091145833 0.0861111111 0.0072916667 0.0129629630
2 0.7132812500 0.0856481481 0.0072916667 0.0129629630
2 0.8182291667 0.0842592593 0.0072916667 0.0129629630
2 0.9489583333 0.3120370370 0.0072916667 0.0129629630
2 0.9502604167 0.5000000000 0.0072916667 0.0129629630
2 0.9505208333 0.6861111111 0.0072916667 0.0129629630
2 0.8213541667 0.9152777778 0.0072916667 0.0129629630
2 0.7161458333 0.9152777778 0.0072916667 0.0129629630
2 0.6111979167 0.9152777778 0.0072916667 0.0129629630
2 0.4026041667 0.9157407407 0.0072916667 0.0129629630
2 0.2981770833 0.9180555556 0.0072916667 0.0129629630
2 0.1929687500 0.9175925926 0.0072916667 0.0129629630
