3 0.8505208333 0.4995370370 0.0244791667 0.0425925926
1 0.7135416667 0.4162037037 0.0250000000 0.0416666667
4 0.4013020833 0.7606481481 0.0239583333 0.0416666667
3 0.3713541667 0.8092592593 0.0250000000 0.0416666667
3 0.4002604167 0.6652777778 0.0244791667 0.0416666667
0 0.2898437500 0.5023148148 0.0223958333 0.0416666667
3 0.2890625000 0.4564814815 0.0239583333 0.0407407407
3 0.2614583333 0.4518518519 0.0239583333 0.0407407407
3 0.2479166667 0.5375000000 0.0244791667 0.0416666667
4 0.2421875000 0.4745370370 0.0244791667 0.0407407407
4 0.2427083333 0.4199074074 0.0260416667 0.0435185185
4 0.2205729167 0.4912037037 0.0239583333 0.0425925926
3 0.2078125000 0.4143518519 0.0250000000 0.0425925926
4 0.1869791667 0.3379629630 0.0250000000 0.0425925926
4 0.1296875000 0.6152777778 0.0255208333 0.0435185185
2 0.0635416667 0.6884259259 0.0072916667 0.0129629630
2 0.0643229167 0.5013888889 0.0072916667 0.0129629630
2 0.0658854167 0.3143518519 0.0072916667 0.0129629630
2 0.1940104167 0.0870370370 0.0072916667 0.0129629630
2 0.2986979167 0.0875000000 0.0072916667 0.0129629630
2 0.4028645833 0.0888888889 0.0072916667 0.0129629630
2 0.6098958333 0.0879629630 0.0072916667 0.0129629630
2 0.7138020833 0.0856481481 0.0072916667 0.0129629630
2 0.8192708333 0.0856481481 0.0072916667 0.0129629630
2 0.9494791667 0.3134259259 0.0072916667 0.0129629630
2 0.9500000000 0.5013888889 0.0072916667 0.0129629630
2 0.9507812500 0.6879629630 0.0072916667 0.0129629630
2 0.8216145833 0.9180555556 0.0072916667 0.0129629630
2 0.7153645833 0.9166666667 0.0072916667 0.0129629630
2 0.6109375000 0.9166666667 0.0072916667 0.0129629630
2 0.4020833333 0.9171296296 0.0072916667 0.0129629630
2 0.2973958333 0.9180555556 0.0072916667 0.0129629630
2 0.1921875000 0.9189814815 0.0072916667 0.0129629630
