3 0.8281250000 0.5037037037 0.0244791667 0.0416666667
1 0.6841145833 0.4245370370 0.0239583333 0.0435185185
4 0.5414062500 0.2574074074 0.0239583333 0.0416666667
4 0.3802083333 0.1759259259 0.0239583333 0.0425925926
3 0.3843750000 0.2995370370 0.0255208333 0.0416666667
0 0.4192708333 0.4949074074 0.0244791667 0.0398148148
3 0.4343750000 0.8032407407 0.0244791667 0.0416666667
3 0.3708333333 0.8083333333 0.0239583333 0.0416666667
4 0.3281250000 0.7782407407 0.0239583333 0.0435185185
3 0.3023437500 0.7648148148 0.0250000000 0.0435185185
3 0.2940104167 0.4583333333 0.0250000000 0.0416666667
4 0.1721354167 0.2300925926 0.0255208333 0.0444444444
3 0.1278645833 0.3643518519 0.0250000000 0.0416666667
2 0.0638020833 0.6861111111 0.0072916667 0.0129629630
2 0.0656250000 0.5000000000 0.0072916667 0.0129629630
2 0.0671875000 0.3148148148 0.0072916667 0.0129629630
2 0.1950520833 0.0884259259 0.0072916667 0.0129629630
2 0.2986979167 0.0884259259 0.0072916667 0.0129629630
2 0.4023437500 0.0888888889 0.0072916667 0.0129629630
2 0.6104166667 0.0870370370 0.0072916667 0.0129629630
2 0.7140625000 0.0870370370 0.0072916667 0.0129629630
2 0.8179687500 0.0861111111 0.0072916667 0.0129629630
2 0.9489583333 0.3134259259 0.0072916667 0.0129629630
2 0.9497395833 0.4995370370 0.0072916667 0.0129629630
2 0.9502604167 0.6875000000 0.0072916667 0.0129629630
2 0.8203125000 0.9166666667 0.0072916667 0.0129629630
2 0.7151041667 0.9157407407 0.0072916667 0.0129629630
2 0.6109375000 0.9157407407 0.0072916667 0.0129629630
2 0.4028645833 0.9171296296 0.0072916667 0.0129629630
2 0.2979166667 0.9166666667 0.0072916667 0.0129629630
2 0.1916666667 0.9171296296 0.0072916667 0.0129629630
