1 0.8716145833 0.5222222222 0.0255208333 0.0425925926
3 0.8497395833 0.2800925926 0.0250000000 0.0425925926
3 0.8281250000 0.5032407407 0.0244791667 0.0416666667
0 0.4526041667 0.4347222222 0.0255208333 0.0407407407
3 0.2005208333 0.8018518519 0.0250000000 0.0407407407
3 0.1880208333 0.5509259259 0.0244791667 0.0416666667
3 0.1208333333 0.3745370370 0.0244791667 0.0416666667
2 0.0643229167 0.6870370370 0.0072916667 0.0129629630
2 0.0643229167 0.6870370370 0.0072916667 0.0129629630
2 0.0656250000 0.4990740741 0.0072916667 0.0129629630
2 0.0661458333 0.3129629630 0.0072916667 0.0129629630
2 0.1947916667 0.0875000000 0.0072916667 0.0129629630
2 0.2989583333 0.0898148148 0.0072916667 0.0129629630
2 0.4023437500 0.0898148148 0.0072916667 0.0129629630
2 0.6101562500 0.0870370370 0.0072916667 0.0129629630
2 0.7140625000 0.0865740741 0.0072916667 0.0129629630
2 0.8187500000 0.0856481481 0.0072916667 0.0129629630
2 0.9489583333 0.3134259259 0.0072916667 0.0129629630
2 0.9507812500 0.4995370370 0.0072916667 0.0129629630
2 0.9507812500 0.6879629630 0.0072916667 0.0129629630
2 0.8205729167 0.9157407407 0.0072916667 0.0129629630
2 0.7148437500 0.9152777778 0.0072916667 0.0129629630
2 0.6114583333 0.9152777778 0.0072916667 0.0129629630
2 0.4020833333 0.9148148148 0.0072916667 0.0129629630
2 0.2981770833 0.9162037037 0.0072916667 0.0129629630
2 0.1932291667 0.9171296296 0.0072916667 0.0129629630
