4 0.7174479167 0.3944444444 0.0161458333 0.0287037037
4 0.7989583333 0.5296296296 0.0161458333 0.0277777778
3 0.8179687500 0.6587962963 0.0151041667 0.0277777778
3 0.7171875000 0.6458333333 0.0151041667 0.0250000000
4 0.7648437500 0.7231481481 0.0161458333 0.0277777778
4 0.6276041667 0.6759259259 0.0151041667 0.0268518519
4 0.6309895833 0.6250000000 0.0156250000 0.0287037037
0 0.5848958333 0.3074074074 0.0151041667 0.0268518519
4 0.5307291667 0.2444444444 0.0151041667 0.0268518519
3 0.3981770833 0.2666666667 0.0151041667 0.0277777778
1 0.3645833333 0.6333333333 0.0156250000 0.0277777778
4 0.2750000000 0.4476851852 0.0161458333 0.0277777778
3 0.2601562500 0.6699074074 0.0151041667 0.0268518519
2 0.1377604167 0.6574074074 0.0072916667 0.0129629630
2 0.1382812500 0.5060185185 0.0072916667 0.0129629630
2 0.1377604167 0.3550925926 0.0072916667 0.0129629630
2 0.2466145833 0.1606481481 0.0072916667 0.0129629630
2 0.3320312500 0.1597222222 0.0072916667 0.0129629630
2 0.4179687500 0.1606481481 0.0072916667 0.0129629630
2 0.5877604167 0.1606481481 0.0072916667 0.0129629630
2 0.6729166667 0.1606481481 0.0072916667 0.0129629630
2 0.7575520833 0.1606481481 0.0072916667 0.0129629630
2 0.8661458333 0.3560185185 0.0072916667 0.0129629630
2 0.8653645833 0.5064814815 0.0072916667 0.0129629630
2 0.8653645833 0.6578703704 0.0072916667 0.0129629630
2 0.7557291667 0.8500000000 0.0072916667 0.0129629630
2 0.6708333333 0.8495370370 0.0072916667 0.0129629630
2 0.5859375000 0.8509259259 0.0072916667 0.0129629630
2 0.4177083333 0.8500000000 0.0072916667 0.0129629630
2 0.3322916667 0.8490740741 0.0072916667 0.0129629630
2 0.2476562500 0.8490740741 0.0072916667 0.0129629630
