3 0.4588541667 0.4379629630 0.0088541667 0.0175925926
1 0.5244791667 0.4777777778 0.0114583333 0.0203703704
0 0.5994791667 0.5092592593 0.0109375000 0.0203703704
3 0.5726562500 0.5504629630 0.0130208333 0.0231481481
4 0.5315104167 0.5379629630 0.0125000000 0.0222222222
3 0.4541666667 0.4949074074 0.0119791667 0.0203703704
4 0.4372395833 0.4990740741 0.0114583333 0.0203703704
4 0.4231770833 0.5342592593 0.0125000000 0.0212962963
2 0.3809895833 0.5587962963 0.0072916667 0.0092592593
2 0.3864583333 0.5361111111 0.0072916667 0.0092592593
2 0.3914062500 0.5162037037 0.0072916667 0.0092592593
2 0.3989583333 0.4777777778 0.0072916667 0.0092592593
2 0.4028645833 0.4606481481 0.0072916667 0.0092592593
2 0.4065104167 0.4444444444 0.0072916667 0.0092592593
2 0.4643229167 0.4268518519 0.0072916667 0.0092592593
2 0.5078125000 0.4277777778 0.0072916667 0.0092592593
2 0.5513020833 0.4277777778 0.0072916667 0.0092592593
2 0.6093750000 0.4472222222 0.0072916667 0.0092592593
2 0.6125000000 0.4638888889 0.0072916667 0.0092592593
2 0.6153645833 0.4805555556 0.0072916667 0.0092592593
2 0.6226562500 0.5185185185 0.0072916667 0.0092592593
2 0.6265625000 0.5398148148 0.0072916667 0.0092592593
2 0.6307291667 0.5615740741 0.0072916667 0.0092592593
2 0.5645833333 0.5912037037 0.0072916667 0.0092592593
2 0.5057291667 0.5902777778 0.0072916667 0.0092592593
2 0.4473958333 0.5893518519 0.0072916667 0.0092592593
