3 0.8278645833 0.5037037037 0.0244791667 0.0425925926
0 0.7322916667 0.3986111111 0.0255208333 0.0425925926
3 0.2885416667 0.8435185185 0.0244791667 0.0416666667
1 0.1502604167 0.4189814815 0.0244791667 0.0435185185
3 0.1481770833 0.5731481481 0.0244791667 0.0407407407
3 0.1080729167 0.3194444444 0.0250000000 0.0425925926
2 0.0638020833 0.6870370370 0.0072916667 0.0129629630
2 0.0656250000 0.5000000000 0.0072916667 0.0129629630
2 0.0658854167 0.3120370370 0.0072916667 0.0129629630
2 0.1955729167 0.0870370370 0.0072916667 0.0129629630
2 0.2989583333 0.0870370370 0.0072916667 0.0129629630
2 0.4020833333 0.0893518519 0.0072916667 0.0129629630
2 0.6109375000 0.0865740741 0.0072916667 0.0129629630
2 0.7143229167 0.0865740741 0.0072916667 0.0129629630
2 0.8184895833 0.0856481481 0.0072916667 0.0129629630
2 0.9497395833 0.3157407407 0.0072916667 0.0129629630
2 0.9500000000 0.5009259259 0.0072916667 0.0129629630
2 0.9500000000 0.6856481481 0.0072916667 0.0129629630
2 0.8213541667 0.9166666667 0.0072916667 0.0129629630
2 0.7156250000 0.9162037037 0.0072916667 0.0129629630
2 0.6109375000 0.9148148148 0.0072916667 0.0129629630
2 0.4018229167 0.9157407407 0.0072916667 0.0129629630
2 0.2973958333 0.9162037037 0.0072916667 0.0129629630
2 0.1929687500 0.9166666667 0.0072916667 0.0129629630
