1 0.7479166667 0.3671296296 0.0239583333 0.0435185185
0 0.7205729167 0.3208333333 0.0239583333 0.0425925926
3 0.4583333333 0.7967592593 0.0239583333 0.0416666667
3 0.1807291667 0.5527777778 0.0250000000 0.0416666667
3 0.1080729167 0.3199074074 0.0250000000 0.0416666667
2 0.0638020833 0.6851851852 0.0072916667 0.0129629630
2 0.0648437500 0.5004629630 0.0072916667 0.0129629630
2 0.0671875000 0.3120370370 0.0072916667 0.0129629630
2 0.1953125000 0.0888888889 0.0072916667 0.0129629630
2 0.2984375000 0.0888888889 0.0072916667 0.0129629630
2 0.4031250000 0.0884259259 0.0072916667 0.0129629630
2 0.6101562500 0.0865740741 0.0072916667 0.0129629630
2 0.7135416667 0.0865740741 0.0072916667 0.0129629630
2 0.8179687500 0.0851851852 0.0072916667 0.0129629630
2 0.9502604167 0.3157407407 0.0072916667 0.0129629630
2 0.9494791667 0.5000000000 0.0072916667 0.0129629630
2 0.9505208333 0.6870370370 0.0072916667 0.0129629630
2 0.8218750000 0.9162037037 0.0072916667 0.0129629630
2 0.7151041667 0.9162037037 0.0072916667 0.0129629630
2 0.6117187500 0.9162037037 0.0072916667 0.0129629630
2 0.4010416667 0.9143518519 0.0072916667 0.0129629630
2 0.2976562500 0.9166666667 0.0072916667 0.0129629630
2 0.1929687500 0.9166666667 0.0072916667 0.0129629630
