4 0.6382812500 0.1754629630 0.0255208333 0.0444444444
4 0.5614583333 0.1569444444 0.0250000000 0.0435185185
3 0.5177083333 0.6472222222 0.0255208333 0.0425925926
4 0.4960937500 0.7833333333 0.0234375000 0.0453703704
4 0.4158854167 0.3194444444 0.0244791667 0.0435185185
4 0.3427083333 0.2875000000 0.0234375000 0.0425925926
1 0.2796875000 0.4763888889 0.0239583333 0.0435185185
0 0.2526041667 0.4990740741 0.0229166667 0.0416666667
4 0.2289062500 0.4763888889 0.0239583333 0.0425925926
3 0.2106770833 0.4467592593 0.0244791667 0.0416666667
3 0.1854166667 0.5319444444 0.0239583333 0.0425925926
3 0.1690104167 0.3939814815 0.0250000000 0.0425925926
2 0.0635416667 0.6861111111 0.0072916667 0.0129629630
2 0.0653645833 0.5000000000 0.0072916667 0.0129629630
2 0.0666666667 0.3134259259 0.0072916667 0.0129629630
2 0.1947916667 0.0865740741 0.0072916667 0.0129629630
2 0.2986979167 0.0851851852 0.0072916667 0.0129629630
2 0.4020833333 0.0865740741 0.0072916667 0.0129629630
2 0.6119791667 0.0879629630 0.0072916667 0.0129629630
2 0.7158854167 0.0861111111 0.0072916667 0.0129629630
2 0.8205729167 0.0856481481 0.0072916667 0.0129629630
2 0.9507812500 0.3152777778 0.0072916667 0.0129629630
2 0.9507812500 0.5013888889 0.0072916667 0.0129629630
2 0.9510416667 0.6879629630 0.0072916667 0.0129629630
2 0.8239583333 0.9185185185 0.0072916667 0.0129629630
2 0.7158854167 0.9157407407 0.0072916667 0.0129629630
2 0.6119791667 0.9162037037 0.0072916667 0.0129629630
2 0.4018229167 0.9148148148 0.0072916667 0.0129629630
2 0.2968750000 0.9166666667 0.0072916667 0.0129629630
2 0.1924479167 0.9175925926 0.0072916667 0.0129629630
