4 0.6385416667 0.1745370370 0.0250000000 0.0453703704
4 0.5614583333 0.1587962963 0.0250000000 0.0435185185
3 0.5203125000 0.6555555556 0.0255208333 0.0425925926
4 0.4955729167 0.7824074074 0.0244791667 0.0435185185
4 0.4156250000 0.3189814815 0.0244791667 0.0425925926
4 0.3424479167 0.2865740741 0.0239583333 0.0425925926
1 0.2791666667 0.4768518519 0.0244791667 0.0416666667
0 0.2526041667 0.5000000000 0.0234375000 0.0416666667
4 0.2289062500 0.4768518519 0.0244791667 0.0416666667
3 0.2106770833 0.4458333333 0.0244791667 0.0416666667
3 0.1692708333 0.3944444444 0.0250000000 0.0435185185
3 0.1861979167 0.5310185185 0.0250000000 0.0407407407
2 0.0625000000 0.6870370370 0.0072916667 0.0129629630
2 0.0643229167 0.4986111111 0.0072916667 0.0129629630
2 0.0664062500 0.3115740741 0.0072916667 0.0129629630
2 0.1947916667 0.0875000000 0.0072916667 0.0129629630
2 0.3000000000 0.0865740741 0.0072916667 0.0129629630
2 0.4028645833 0.0879629630 0.0072916667 0.0129629630
2 0.6117187500 0.0865740741 0.0072916667 0.0129629630
2 0.7153645833 0.0879629630 0.0072916667 0.0129629630
2 0.8203125000 0.0865740741 0.0072916667 0.0129629630
2 0.9502604167 0.3166666667 0.0072916667 0.0129629630
2 0.9502604167 0.4990740741 0.0072916667 0.0129629630
2 0.9515625000 0.6884259259 0.0072916667 0.0129629630
2 0.8221354167 0.9175925926 0.0072916667 0.0129629630
2 0.7166666667 0.9162037037 0.0072916667 0.0129629630
2 0.6104166667 0.9162037037 0.0072916667 0.0129629630
2 0.4023437500 0.9162037037 0.0072916667 0.0129629630
2 0.2984375000 0.9143518519 0.0072916667 0.0129629630
2 0.1924479167 0.9152777778 0.0072916667 0.0129629630
