3 0.7080729167 0.5796296296 0.0250000000 0.0435185185
4 0.6138020833 0.8074074074 0.0239583333 0.0435185185
4 0.6388020833 0.1745370370 0.0260416667 0.0444444444
4 0.5617187500 0.1578703704 0.0250000000 0.0435185185
4 0.3523437500 0.3773148148 0.0239583333 0.0425925926
0 0.2526041667 0.5000000000 0.0234375000 0.0416666667
3 0.2588541667 0.3907407407 0.0239583333 0.0425925926
4 0.2289062500 0.4768518519 0.0239583333 0.0425925926
1 0.2104166667 0.3824074074 0.0244791667 0.0425925926
3 0.1856770833 0.5319444444 0.0239583333 0.0416666667
3 0.1093750000 0.3657407407 0.0244791667 0.0425925926
2 0.1942708333 0.0833333333 0.0072916667 0.0129629630
2 0.2997395833 0.0884259259 0.0072916667 0.0129629630
2 0.4026041667 0.0902777778 0.0072916667 0.0129629630
2 0.6111979167 0.0865740741 0.0072916667 0.0129629630
2 0.7145833333 0.0856481481 0.0072916667 0.0129629630
2 0.8200520833 0.0847222222 0.0072916667 0.0129629630
2 0.9505208333 0.3143518519 0.0072916667 0.0129629630
2 0.9505208333 0.5018518519 0.0072916667 0.0129629630
2 0.9526041667 0.6898148148 0.0072916667 0.0129629630
2 0.8221354167 0.9189814815 0.0072916667 0.0129629630
2 0.7169270833 0.9171296296 0.0072916667 0.0129629630
2 0.6111979167 0.9171296296 0.0072916667 0.0129629630
2 0.4013020833 0.9171296296 0.0072916667 0.0129629630
2 0.2992187500 0.9157407407 0.0072916667 0.0129629630
2 0.1919270833 0.9185185185 0.0072916667 0.0129629630
2 0.0630208333 0.6842592593 0.0072916667 0.0129629630
2 0.0651041667 0.4995370370 0.0072916667 0.0129629630
2 0.0656250000 0.3125000000 0.0072916667 0.0129629630
