3 0.8877604167 0.5680555556 0.0255208333 0.0435185185
4 0.7390625000 0.7125000000 0.0239583333 0.0425925926
4 0.6132812500 0.8074074074 0.0244791667 0.0435185185
4 0.6377604167 0.1754629630 0.0255208333 0.0435185185
4 0.5611979167 0.1583333333 0.0250000000 0.0444444444
3 0.2585937500 0.3902777778 0.0244791667 0.0416666667
0 0.2526041667 0.4990740741 0.0229166667 0.0398148148
4 0.2291666667 0.4759259259 0.0244791667 0.0416666667
1 0.2067708333 0.5078703704 0.0244791667 0.0425925926
3 0.1596354167 0.5046296296 0.0244791667 0.0407407407
3 0.1088541667 0.3652777778 0.0244791667 0.0407407407
2 0.0643229167 0.6861111111 0.0072916667 0.0129629630
2 0.0656250000 0.4981481481 0.0072916667 0.0129629630
2 0.0666666667 0.3134259259 0.0072916667 0.0129629630
2 0.1945312500 0.0856481481 0.0072916667 0.0129629630
2 0.2997395833 0.0870370370 0.0072916667 0.0129629630
2 0.4015625000 0.0875000000 0.0072916667 0.0129629630
2 0.6101562500 0.0888888889 0.0072916667 0.0129629630
2 0.7148437500 0.0875000000 0.0072916667 0.0129629630
2 0.8195312500 0.0861111111 0.0072916667 0.0129629630
2 0.9502604167 0.3143518519 0.0072916667 0.0129629630
2 0.9502604167 0.5018518519 0.0072916667 0.0129629630
2 0.9507812500 0.6884259259 0.0072916667 0.0129629630
2 0.8213541667 0.9175925926 0.0072916667 0.0129629630
2 0.7148437500 0.9157407407 0.0072916667 0.0129629630
2 0.6106770833 0.9157407407 0.0072916667 0.0129629630
2 0.4015625000 0.9157407407 0.0072916667 0.0129629630
2 0.2979166667 0.9166666667 0.0072916667 0.0129629630
2 0.1919270833 0.9166666667 0.0072916667 0.0129629630
