4 0.6135416667 0.8074074074 0.0244791667 0.0425925926
3 0.7072916667 0.5796296296 0.0255208333 0.0435185185
4 0.6377604167 0.1745370370 0.0260416667 0.0444444444
4 0.5617187500 0.1574074074 0.0250000000 0.0435185185
4 0.3523437500 0.3759259259 0.0239583333 0.0425925926
3 0.2585937500 0.3907407407 0.0244791667 0.0416666667
0 0.2520833333 0.4986111111 0.0229166667 0.0407407407
4 0.2283854167 0.4759259259 0.0244791667 0.0416666667
1 0.2106770833 0.3824074074 0.0244791667 0.0425925926
3 0.1859375000 0.5319444444 0.0244791667 0.0407407407
3 0.1085937500 0.3643518519 0.0250000000 0.0407407407
2 0.0638020833 0.6861111111 0.0072916667 0.0129629630
2 0.0648437500 0.5004629630 0.0072916667 0.0129629630
2 0.0666666667 0.3125000000 0.0072916667 0.0129629630
2 0.1945312500 0.0865740741 0.0072916667 0.0129629630
2 0.2989583333 0.0875000000 0.0072916667 0.0129629630
2 0.4028645833 0.0870370370 0.0072916667 0.0129629630
2 0.6106770833 0.0875000000 0.0072916667 0.0129629630
2 0.7148437500 0.0865740741 0.0072916667 0.0129629630
2 0.8195312500 0.0847222222 0.0072916667 0.0129629630
2 0.9494791667 0.3138888889 0.0072916667 0.0129629630
2 0.9507812500 0.5004629630 0.0072916667 0.0129629630
2 0.9520833333 0.6898148148 0.0072916667 0.0129629630
2 0.8216145833 0.9180555556 0.0072916667 0.0129629630
2 0.7158854167 0.9166666667 0.0072916667 0.0129629630
2 0.6117187500 0.9157407407 0.0072916667 0.0129629630
2 0.4023437500 0.9166666667 0.0072916667 0.0129629630
2 0.2973958333 0.9162037037 0.0072916667 0.0129629630
2 0.1921875000 0.9171296296 0.0072916667 0.0129629630
