1 0.8520833333 0.4254629630 0.0255208333 0.0416666667
4 0.6867187500 0.8305555556 0.0244791667 0.0425925926
4 0.6130208333 0.8078703704 0.0244791667 0.0425925926
3 0.5843750000 0.6009259259 0.0250000000 0.0425925926
4 0.6377604167 0.1750000000 0.0260416667 0.0435185185
4 0.5614583333 0.1583333333 0.0255208333 0.0435185185
3 0.2585937500 0.3912037037 0.0239583333 0.0425925926
0 0.2520833333 0.5000000000 0.0239583333 0.0416666667
4 0.2328125000 0.6495370370 0.0244791667 0.0416666667
3 0.1593750000 0.5055555556 0.0244791667 0.0416666667
3 0.1440104167 0.2125000000 0.0250000000 0.0416666667
2 0.0635416667 0.6861111111 0.0072916667 0.0129629630
2 0.0648437500 0.4990740741 0.0072916667 0.0129629630
2 0.0656250000 0.3120370370 0.0072916667 0.0129629630
2 0.1937500000 0.0865740741 0.0072916667 0.0129629630
2 0.2989583333 0.0875000000 0.0072916667 0.0129629630
2 0.4031250000 0.0884259259 0.0072916667 0.0129629630
2 0.6101562500 0.0865740741 0.0072916667 0.0129629630
2 0.7138020833 0.0851851852 0.0072916667 0.0129629630
2 0.8200520833 0.0851851852 0.0072916667 0.0129629630
2 0.9497395833 0.3138888889 0.0072916667 0.0129629630
2 0.9507812500 0.5018518519 0.0072916667 0.0129629630
2 0.9515625000 0.6879629630 0.0072916667 0.0129629630
2 0.8216145833 0.9185185185 0.0072916667 0.0129629630
2 0.7156250000 0.9175925926 0.0072916667 0.0129629630
2 0.6114583333 0.9157407407 0.0072916667 0.0129629630
2 0.4018229167 0.9171296296 0.0072916667 0.0129629630
2 0.2976562500 0.9171296296 0.0072916667 0.0129629630
2 0.1919270833 0.9171296296 0.0072916667 0.0129629630
