1 0.7486979167 0.5347222222 0.0239583333 0.0425925926
4 0.8208333333 0.4208333333 0.0244791667 0.0425925926
4 0.7062500000 0.3472222222 0.0250000000 0.0435185185
4 0.6661458333 0.4708333333 0.0255208333 0.0425925926
4 0.6869791667 0.8310185185 0.0244791667 0.0425925926
4 0.6135416667 0.8069444444 0.0244791667 0.0435185185
0 0.2677083333 0.5018518519 0.0239583333 0.0416666667
3 0.1210937500 0.3879629630 0.0244791667 0.0407407407
2 0.0632812500 0.6870370370 0.0072916667 0.0129629630
2 0.0648437500 0.5013888889 0.0072916667 0.0129629630
2 0.0664062500 0.3138888889 0.0072916667 0.0129629630
2 0.1942708333 0.0856481481 0.0072916667 0.0129629630
2 0.2981770833 0.0879629630 0.0072916667 0.0129629630
2 0.4031250000 0.0870370370 0.0072916667 0.0129629630
2 0.6109375000 0.0879629630 0.0072916667 0.0129629630
2 0.7143229167 0.0865740741 0.0072916667 0.0129629630
2 0.8197916667 0.0861111111 0.0072916667 0.0129629630
2 0.9505208333 0.3129629630 0.0072916667 0.0129629630
2 0.9510416667 0.5004629630 0.0072916667 0.0129629630
2 0.9513020833 0.6902777778 0.0072916667 0.0129629630
2 0.8216145833 0.9189814815 0.0072916667 0.0129629630
2 0.7156250000 0.9166666667 0.0072916667 0.0129629630
2 0.6114583333 0.9171296296 0.0072916667 0.0129629630
2 0.4026041667 0.9166666667 0.0072916667 0.0129629630
2 0.2979166667 0.9162037037 0.0072916667 0.0129629630
2 0.1919270833 0.9175925926 0.0072916667 0.0129629630
