3 0.8153645833 0.1851851852 0.0234375000 0.0407407407
3 0.8169270833 0.3013888889 0.0229166667 0.0398148148
4 0.7778645833 0.5351851852 0.0239583333 0.0416666667
4 0.7682291667 0.7699074074 0.0244791667 0.0425925926
3 0.7333333333 0.7416666667 0.0223958333 0.0407407407
1 0.7226562500 0.5277777778 0.0244791667 0.0407407407
3 0.6143229167 0.3976851852 0.0239583333 0.0407407407
0 0.5994791667 0.5712962963 0.0223958333 0.0407407407
4 0.5916666667 0.6740740741 0.0229166667 0.0416666667
3 0.5653645833 0.5787037037 0.0234375000 0.0416666667
4 0.4908854167 0.4486111111 0.0234375000 0.0388888889
4 0.4406250000 0.5856481481 0.0234375000 0.0416666667
4 0.2372395833 0.7703703704 0.0234375000 0.0407407407
2 0.0653645833 0.6819444444 0.0072916667 0.0129629630
2 0.0656250000 0.4986111111 0.0072916667 0.0129629630
2 0.0656250000 0.3143518519 0.0072916667 0.0129629630
2 0.1921875000 0.0893518519 0.0072916667 0.0129629630
2 0.2955729167 0.0898148148 0.0072916667 0.0129629630
2 0.3989583333 0.0912037037 0.0072916667 0.0129629630
2 0.6028645833 0.0907407407 0.0072916667 0.0129629630
2 0.7065104167 0.0898148148 0.0072916667 0.0129629630
2 0.8104166667 0.0888888889 0.0072916667 0.0129629630
2 0.9372395833 0.3129629630 0.0072916667 0.0129629630
2 0.9369791667 0.4976851852 0.0072916667 0.0129629630
2 0.9380208333 0.6819444444 0.0072916667 0.0129629630
2 0.8111979167 0.9083333333 0.0072916667 0.0129629630
2 0.7070312500 0.9087962963 0.0072916667 0.0129629630
2 0.6041666667 0.9087962963 0.0072916667 0.0129629630
2 0.3986979167 0.9092592593 0.0072916667 0.0129629630
2 0.2960937500 0.9078703704 0.0072916667 0.0129629630
2 0.1916666667 0.9083333333 0.0072916667 0.0129629630
