3 0.4351562500 0.4435185185 0.0109375000 0.0185185185
3 0.4302083333 0.4472222222 0.0093750000 0.0166666667
3 0.4273437500 0.4555555556 0.0098958333 0.0175925926
4 0.5143229167 0.4537037037 0.0109375000 0.0203703704
4 0.5523437500 0.4430555556 0.0083333333 0.0175925926
1 0.5596354167 0.4453703704 0.0109375000 0.0194444444
3 0.5361979167 0.4777777778 0.0098958333 0.0194444444
0 0.5265625000 0.4842592593 0.0098958333 0.0175925926
3 0.4343750000 0.5518518519 0.0119791667 0.0222222222
3 0.4411458333 0.5800925926 0.0145833333 0.0138888889
2 0.3815104167 0.5583333333 0.0072916667 0.0092592593
2 0.3864583333 0.5365740741 0.0072916667 0.0092592593
2 0.3916666667 0.5148148148 0.0072916667 0.0092592593
2 0.3994791667 0.4777777778 0.0072916667 0.0092592593
2 0.4031250000 0.4601851852 0.0072916667 0.0092592593
2 0.4067708333 0.4444444444 0.0072916667 0.0092592593
2 0.4643229167 0.4263888889 0.0072916667 0.0092592593
2 0.5078125000 0.4268518519 0.0072916667 0.0092592593
2 0.5513020833 0.4287037037 0.0072916667 0.0092592593
2 0.6085937500 0.4472222222 0.0072916667 0.0092592593
2 0.6125000000 0.4634259259 0.0072916667 0.0092592593
2 0.6156250000 0.4814814815 0.0072916667 0.0092592593
2 0.6226562500 0.5180555556 0.0072916667 0.0092592593
2 0.6265625000 0.5393518519 0.0072916667 0.0092592593
2 0.6307291667 0.5611111111 0.0072916667 0.0092592593
2 0.5643229167 0.5902777778 0.0072916667 0.0092592593
2 0.5054687500 0.5898148148 0.0072916667 0.0092592593
2 0.4468750000 0.5893518519 0.0072916667 0.0092592593
