3 0.8880208333 0.6861111111 0.0229166667 0.0407407407
3 0.7778645833 0.2759259259 0.0234375000 0.0407407407
3 0.7221354167 0.6310185185 0.0234375000 0.0407407407
3 0.7039062500 0.7861111111 0.0229166667 0.0407407407
1 0.6895833333 0.6333333333 0.0234375000 0.0416666667
4 0.6583333333 0.6375000000 0.0239583333 0.0416666667
3 0.6406250000 0.7462962963 0.0229166667 0.0407407407
4 0.5096354167 0.5203703704 0.0239583333 0.0416666667
0 0.4901041667 0.3754629630 0.0223958333 0.0407407407
4 0.4770833333 0.4351851852 0.0239583333 0.0416666667
3 0.4111979167 0.6000000000 0.0218750000 0.0407407407
4 0.1932291667 0.7430555556 0.0239583333 0.0416666667
2 0.1924479167 0.0902777778 0.0072916667 0.0129629630
2 0.2955729167 0.0912037037 0.0072916667 0.0129629630
2 0.3981770833 0.0912037037 0.0072916667 0.0129629630
2 0.6033854167 0.0916666667 0.0072916667 0.0129629630
2 0.7067708333 0.0898148148 0.0072916667 0.0129629630
2 0.8098958333 0.0888888889 0.0072916667 0.0129629630
2 0.9375000000 0.3125000000 0.0072916667 0.0129629630
2 0.9380208333 0.4981481481 0.0072916667 0.0129629630
2 0.9375000000 0.6819444444 0.0072916667 0.0129629630
2 0.8109375000 0.9092592593 0.0072916667 0.0129629630
2 0.7075520833 0.9101851852 0.0072916667 0.0129629630
2 0.6039062500 0.9097222222 0.0072916667 0.0129629630
2 0.3981770833 0.9083333333 0.0072916667 0.0129629630
2 0.2960937500 0.9083333333 0.0072916667 0.0129629630
2 0.1916666667 0.9087962963 0.0072916667 0.0129629630
2 0.0651041667 0.6819444444 0.0072916667 0.0129629630
2 0.0658854167 0.4990740741 0.0072916667 0.0129629630
2 0.0658854167 0.3148148148 0.0072916667 0.0129629630
