3 0.8781250000 0.1541666667 0.0244791667 0.0425925926
4 0.3505208333 0.1611111111 0.0244791667 0.0435185185
4 0.3325520833 0.4643518519 0.0250000000 0.0425925926
4 0.2385416667 0.4004629630 0.0239583333 0.0425925926
0 0.2424479167 0.5819444444 0.0234375000 0.0407407407
1 0.1104166667 0.3356481481 0.0244791667 0.0435185185
3 0.1117187500 0.6791666667 0.0244791667 0.0416666667
4 0.1395833333 0.7282407407 0.0250000000 0.0425925926
2 0.1942708333 0.0893518519 0.0072916667 0.0129629630
2 0.2976562500 0.0898148148 0.0072916667 0.0129629630
2 0.4015625000 0.0902777778 0.0072916667 0.0129629630
2 0.6096354167 0.0875000000 0.0072916667 0.0129629630
2 0.7140625000 0.0851851852 0.0072916667 0.0129629630
2 0.8177083333 0.0851851852 0.0072916667 0.0129629630
2 0.9489583333 0.3111111111 0.0072916667 0.0129629630
2 0.9497395833 0.4981481481 0.0072916667 0.0129629630
2 0.9507812500 0.6851851852 0.0072916667 0.0129629630
2 0.8213541667 0.9148148148 0.0072916667 0.0129629630
2 0.7158854167 0.9143518519 0.0072916667 0.0129629630
2 0.6114583333 0.9152777778 0.0072916667 0.0129629630
2 0.4033854167 0.9166666667 0.0072916667 0.0129629630
2 0.2992187500 0.9180555556 0.0072916667 0.0129629630
2 0.1937500000 0.9189814815 0.0072916667 0.0129629630
2 0.0651041667 0.6875000000 0.0072916667 0.0129629630
2 0.0658854167 0.5013888889 0.0072916667 0.0129629630
2 0.0666666667 0.3125000000 0.0072916667 0.0129629630
