4 0.8382812500 0.7212962963 0.0244791667 0.0416666667
4 0.6914062500 0.7819444444 0.0239583333 0.0416666667
4 0.7437500000 0.4333333333 0.0239583333 0.0416666667
4 0.7671875000 0.3425925926 0.0234375000 0.0416666667
3 0.7007812500 0.3398148148 0.0229166667 0.0407407407
3 0.6299479167 0.5662037037 0.0229166667 0.0398148148
4 0.6388020833 0.1592592593 0.0239583333 0.0416666667
3 0.5296875000 0.5592592593 0.0234375000 0.0407407407
4 0.4776041667 0.5518518519 0.0234375000 0.0416666667
1 0.4291666667 0.2115740741 0.0234375000 0.0407407407
3 0.2898437500 0.6245370370 0.0234375000 0.0398148148
0 0.2583333333 0.5703703704 0.0229166667 0.0407407407
4 0.2289062500 0.5888888889 0.0244791667 0.0407407407
3 0.1757812500 0.5828703704 0.0250000000 0.0407407407
3 0.1114583333 0.7805555556 0.0239583333 0.0407407407
2 0.1919270833 0.0907407407 0.0072916667 0.0129629630
2 0.2953125000 0.0916666667 0.0072916667 0.0129629630
2 0.3986979167 0.0921296296 0.0072916667 0.0129629630
2 0.6039062500 0.0912037037 0.0072916667 0.0129629630
2 0.7065104167 0.0907407407 0.0072916667 0.0129629630
2 0.8101562500 0.0888888889 0.0072916667 0.0129629630
2 0.9377604167 0.3129629630 0.0072916667 0.0129629630
2 0.9377604167 0.4967592593 0.0072916667 0.0129629630
2 0.9380208333 0.6810185185 0.0072916667 0.0129629630
2 0.8111979167 0.9087962963 0.0072916667 0.0129629630
2 0.7070312500 0.9101851852 0.0072916667 0.0129629630
2 0.6046875000 0.9097222222 0.0072916667 0.0129629630
2 0.3997395833 0.9083333333 0.0072916667 0.0129629630
2 0.2960937500 0.9083333333 0.0072916667 0.0129629630
2 0.1921875000 0.9083333333 0.0072916667 0.0129629630
2 0.0656250000 0.6824074074 0.0072916667 0.0129629630
2 0.0653645833 0.4986111111 0.0072916667 0.0129629630
2 0.0656250000 0.3143518519 0.0072916667 0.0129629630
