4 0.8867187500 0.8375000000 0.0244791667 0.0407407407
3 0.8916666667 0.7962962963 0.0239583333 0.0398148148
4 0.8716145833 0.5606481481 0.0234375000 0.0416666667
4 0.8716145833 0.4648148148 0.0239583333 0.0416666667
4 0.5044270833 0.7041666667 0.0239583333 0.0416666667
0 0.1528645833 0.3925925926 0.0234375000 0.0407407407
1 0.1239583333 0.4125000000 0.0244791667 0.0416666667
4 0.1463541667 0.4597222222 0.0223958333 0.0398148148
4 0.1171875000 0.5625000000 0.0239583333 0.0407407407
2 0.1927083333 0.0893518519 0.0072916667 0.0129629630
2 0.2960937500 0.0912037037 0.0072916667 0.0129629630
2 0.3981770833 0.0912037037 0.0072916667 0.0129629630
2 0.6031250000 0.0898148148 0.0072916667 0.0129629630
2 0.7072916667 0.0902777778 0.0072916667 0.0129629630
2 0.8098958333 0.0888888889 0.0072916667 0.0129629630
2 0.9369791667 0.3125000000 0.0072916667 0.0129629630
2 0.9372395833 0.4967592593 0.0072916667 0.0129629630
2 0.9380208333 0.6814814815 0.0072916667 0.0129629630
2 0.8117187500 0.9097222222 0.0072916667 0.0129629630
2 0.7070312500 0.9097222222 0.0072916667 0.0129629630
2 0.6041666667 0.9092592593 0.0072916667 0.0129629630
2 0.3989583333 0.9083333333 0.0072916667 0.0129629630
2 0.2958333333 0.9087962963 0.0072916667 0.0129629630
2 0.1921875000 0.9087962963 0.0072916667 0.0129629630
2 0.0651041667 0.6814814815 0.0072916667 0.0129629630
2 0.0653645833 0.4981481481 0.0072916667 0.0129629630
2 0.0653645833 0.3152777778 0.0072916667 0.0129629630
