4 0.8213541667 0.7768518519 0.0239583333 0.0425925926
3 0.6877604167 0.8310185185 0.0229166667 0.0407407407
4 0.7872395833 0.7134259259 0.0239583333 0.0407407407
0 0.7005208333 0.4296296296 0.0223958333 0.0407407407
1 0.5278645833 0.4254629630 0.0229166667 0.0407407407
4 0.4533854167 0.3750000000 0.0234375000 0.0416666667
2 0.1927083333 0.0912037037 0.0072916667 0.0129629630
2 0.2950520833 0.0912037037 0.0072916667 0.0129629630
2 0.3981770833 0.0921296296 0.0072916667 0.0129629630
2 0.6036458333 0.0916666667 0.0072916667 0.0129629630
2 0.7059895833 0.0902777778 0.0072916667 0.0129629630
2 0.8104166667 0.0898148148 0.0072916667 0.0129629630
2 0.9369791667 0.3125000000 0.0072916667 0.0129629630
2 0.9377604167 0.4986111111 0.0072916667 0.0129629630
2 0.9388020833 0.6828703704 0.0072916667 0.0129629630
2 0.8122395833 0.9092592593 0.0072916667 0.0129629630
2 0.7072916667 0.9083333333 0.0072916667 0.0129629630
2 0.6041666667 0.9078703704 0.0072916667 0.0129629630
2 0.3994791667 0.9087962963 0.0072916667 0.0129629630
2 0.2960937500 0.9092592593 0.0072916667 0.0129629630
2 0.1919270833 0.9092592593 0.0072916667 0.0129629630
2 0.0653645833 0.6819444444 0.0072916667 0.0129629630
2 0.0653645833 0.4990740741 0.0072916667 0.0129629630
2 0.0656250000 0.3152777778 0.0072916667 0.0129629630
