3 0.8153645833 0.1856481481 0.0229166667 0.0416666667
3 0.8164062500 0.3013888889 0.0218750000 0.0407407407
3 0.8541666667 0.4402777778 0.0234375000 0.0407407407
4 0.8502604167 0.6731481481 0.0250000000 0.0416666667
4 0.7783854167 0.5342592593 0.0244791667 0.0416666667
3 0.7533854167 0.5814814815 0.0234375000 0.0407407407
3 0.7338541667 0.7412037037 0.0223958333 0.0398148148
0 0.7190104167 0.5009259259 0.0223958333 0.0407407407
3 0.6143229167 0.3981481481 0.0234375000 0.0407407407
1 0.6221354167 0.6601851852 0.0234375000 0.0416666667
4 0.5916666667 0.6745370370 0.0234375000 0.0416666667
3 0.5658854167 0.5782407407 0.0239583333 0.0416666667
4 0.4911458333 0.4490740741 0.0234375000 0.0388888889
4 0.4408854167 0.5847222222 0.0239583333 0.0407407407
4 0.2377604167 0.7699074074 0.0244791667 0.0416666667
2 0.1911458333 0.0902777778 0.0072916667 0.0129629630
2 0.2945312500 0.0902777778 0.0072916667 0.0129629630
2 0.3973958333 0.0907407407 0.0072916667 0.0129629630
2 0.6033854167 0.0902777778 0.0072916667 0.0129629630
2 0.7067708333 0.0888888889 0.0072916667 0.0129629630
2 0.8098958333 0.0884259259 0.0072916667 0.0129629630
2 0.9369791667 0.3134259259 0.0072916667 0.0129629630
2 0.9372395833 0.4972222222 0.0072916667 0.0129629630
2 0.9377604167 0.6814814815 0.0072916667 0.0129629630
2 0.8106770833 0.9092592593 0.0072916667 0.0129629630
2 0.7070312500 0.9087962963 0.0072916667 0.0129629630
2 0.6041666667 0.9087962963 0.0072916667 0.0129629630
2 0.3989583333 0.9092592593 0.0072916667 0.0129629630
2 0.2953125000 0.9087962963 0.0072916667 0.0129629630
2 0.1921875000 0.9087962963 0.0072916667 0.0129629630
2 0.0645833333 0.6828703704 0.0072916667 0.0129629630
2 0.0658854167 0.4986111111 0.0072916667 0.0129629630
2 0.0651041667 0.3143518519 0.0072916667 0.0129629630
