1 0.8690104167 0.1597222222 0.0244791667 0.0416666667
3 0.8156250000 0.1851851852 0.0229166667 0.0407407407
3 0.8182291667 0.3032407407 0.0223958333 0.0407407407
4 0.7781250000 0.5342592593 0.0239583333 0.0416666667
4 0.7687500000 0.7699074074 0.0244791667 0.0416666667
3 0.7335937500 0.7416666667 0.0218750000 0.0407407407
3 0.6567708333 0.6629629630 0.0234375000 0.0425925926
0 0.5992187500 0.5722222222 0.0223958333 0.0407407407
4 0.5901041667 0.7106481481 0.0223958333 0.0416666667
4 0.2385416667 0.7699074074 0.0239583333 0.0416666667
3 0.2541666667 0.2560185185 0.0239583333 0.0407407407
2 0.1924479167 0.0902777778 0.0072916667 0.0129629630
2 0.2950520833 0.0907407407 0.0072916667 0.0129629630
2 0.3984375000 0.0925925926 0.0072916667 0.0129629630
2 0.6031250000 0.0912037037 0.0072916667 0.0129629630
2 0.7054687500 0.0898148148 0.0072916667 0.0129629630
2 0.8098958333 0.0884259259 0.0072916667 0.0129629630
2 0.9372395833 0.3125000000 0.0072916667 0.0129629630
2 0.9375000000 0.4962962963 0.0072916667 0.0129629630
2 0.9377604167 0.6800925926 0.0072916667 0.0129629630
2 0.8109375000 0.9083333333 0.0072916667 0.0129629630
2 0.7072916667 0.9092592593 0.0072916667 0.0129629630
2 0.6039062500 0.9097222222 0.0072916667 0.0129629630
2 0.3992187500 0.9092592593 0.0072916667 0.0129629630
2 0.2958333333 0.9097222222 0.0072916667 0.0129629630
2 0.1924479167 0.9087962963 0.0072916667 0.0129629630
2 0.0645833333 0.6824074074 0.0072916667 0.0129629630
2 0.0645833333 0.4995370370 0.0072916667 0.0129629630
2 0.0656250000 0.3152777778 0.0072916667 0.0129629630
