1 0.5796875000 0.2430555556 0.0244791667 0.0425925926
4 0.3502604167 0.1606481481 0.0244791667 0.0435185185
4 0.3322916667 0.4643518519 0.0255208333 0.0425925926
4 0.2382812500 0.4009259259 0.0239583333 0.0425925926
0 0.2421875000 0.5814814815 0.0239583333 0.0416666667
4 0.1343750000 0.8300925926 0.0244791667 0.0453703704
2 0.0651041667 0.6884259259 0.0072916667 0.0129629630
2 0.0648437500 0.5004629630 0.0072916667 0.0129629630
2 0.0656250000 0.3171296296 0.0072916667 0.0129629630
2 0.1940104167 0.0879629630 0.0072916667 0.0129629630
2 0.2981770833 0.0888888889 0.0072916667 0.0129629630
2 0.4023437500 0.0888888889 0.0072916667 0.0129629630
2 0.6088541667 0.0875000000 0.0072916667 0.0129629630
2 0.7138020833 0.0856481481 0.0072916667 0.0129629630
2 0.8184895833 0.0842592593 0.0072916667 0.0129629630
2 0.9489583333 0.3125000000 0.0072916667 0.0129629630
2 0.9494791667 0.4972222222 0.0072916667 0.0129629630
2 0.9507812500 0.6851851852 0.0072916667 0.0129629630
2 0.8208333333 0.9157407407 0.0072916667 0.0129629630
2 0.7158854167 0.9157407407 0.0072916667 0.0129629630
2 0.6111979167 0.9157407407 0.0072916667 0.0129629630
2 0.4033854167 0.9157407407 0.0072916667 0.0129629630
2 0.2981770833 0.9175925926 0.0072916667 0.0129629630
2 0.1932291667 0.9180555556 0.0072916667 0.0129629630
