1 0.4286458333 0.5731481481 0.0197916667 0.0342592593
3 0.2966145833 0.6069444444 0.0187500000 0.0379629630
3 0.3104166667 0.6111111111 0.0203125000 0.0379629630
3 0.1664062500 0.6083333333 0.0213541667 0.0379629630
0 0.2911458333 0.6495370370 0.0218750000 0.0407407407
2 0.4273437500 0.7875000000 0.0114583333 0.0129629630
2 0.3666666667 0.7541666667 0.0114583333 0.0129629630
2 0.3096354167 0.7231481481 0.0114583333 0.0129629630
2 0.2085937500 0.6703703704 0.0114583333 0.0129629630
2 0.1622395833 0.6462962963 0.0114583333 0.0129629630
2 0.1190104167 0.6231481481 0.0114583333 0.0129629630
2 0.1781250000 0.5819444444 0.0114583333 0.0129629630
2 0.2601562500 0.5717592593 0.0114583333 0.0129629630
2 0.3382812500 0.5611111111 0.0114583333 0.0129629630
2 0.4846354167 0.5708333333 0.0114583333 0.0129629630
2 0.5333333333 0.5893518519 0.0114583333 0.0129629630
2 0.5859375000 0.6083333333 0.0114583333 0.0129629630
2 0.7015625000 0.6513888889 0.0114583333 0.0129629630
2 0.7669270833 0.6759259259 0.0114583333 0.0129629630
2 0.8385416667 0.7027777778 0.0114583333 0.0129629630
2 0.8302083333 0.7592592593 0.0114583333 0.0129629630
2 0.7393229167 0.7796296296 0.0114583333 0.0129629630
2 0.6414062500 0.8013888889 0.0114583333 0.0129629630
