4 0.8619791667 0.1875000000 0.0239583333 0.0416666667
3 0.8986979167 0.2782407407 0.0229166667 0.0398148148
3 0.8755208333 0.3212962963 0.0229166667 0.0407407407
1 0.8877604167 0.4037037037 0.0244791667 0.0407407407
4 0.8156250000 0.8356481481 0.0239583333 0.0416666667
4 0.7859375000 0.5231481481 0.0234375000 0.0407407407
0 0.5992187500 0.5712962963 0.0223958333 0.0407407407
2 0.1921875000 0.0898148148 0.0072916667 0.0129629630
2 0.2950520833 0.0902777778 0.0072916667 0.0129629630
2 0.3986979167 0.0912037037 0.0072916667 0.0129629630
2 0.6028645833 0.0907407407 0.0072916667 0.0129629630
2 0.7062500000 0.0898148148 0.0072916667 0.0129629630
2 0.8101562500 0.0888888889 0.0072916667 0.0129629630
2 0.9367187500 0.3115740741 0.0072916667 0.0129629630
2 0.9380208333 0.4976851852 0.0072916667 0.0129629630
2 0.9380208333 0.6810185185 0.0072916667 0.0129629630
2 0.8111979167 0.9083333333 0.0072916667 0.0129629630
2 0.7067708333 0.9087962963 0.0072916667 0.0129629630
2 0.6044270833 0.9087962963 0.0072916667 0.0129629630
2 0.3992187500 0.9087962963 0.0072916667 0.0129629630
2 0.2955729167 0.9087962963 0.0072916667 0.0129629630
2 0.1919270833 0.9097222222 0.0072916667 0.0129629630
2 0.0653645833 0.6833333333 0.0072916667 0.0129629630
2 0.0653645833 0.4976851852 0.0072916667 0.0129629630
2 0.0645833333 0.3157407407 0.0072916667 0.0129629630
