4 0.8809895833 0.2861111111 0.0234375000 0.0425925926
3 0.7588541667 0.1893518519 0.0239583333 0.0407407407
4 0.7812500000 0.5504629630 0.0239583333 0.0407407407
4 0.7065104167 0.4782407407 0.0239583333 0.0407407407
0 0.5325520833 0.4791666667 0.0223958333 0.0407407407
4 0.4822916667 0.4694444444 0.0229166667 0.0416666667
4 0.3927083333 0.5074074074 0.0239583333 0.0416666667
3 0.3625000000 0.6444444444 0.0223958333 0.0407407407
4 0.2817708333 0.6486111111 0.0239583333 0.0407407407
4 0.3630208333 0.1865740741 0.0239583333 0.0398148148
3 0.1625000000 0.4263888889 0.0239583333 0.0416666667
1 0.1364583333 0.7106481481 0.0239583333 0.0416666667
2 0.0643229167 0.6819444444 0.0072916667 0.0129629630
2 0.0661458333 0.4995370370 0.0072916667 0.0129629630
2 0.0653645833 0.3138888889 0.0072916667 0.0129629630
2 0.1924479167 0.0898148148 0.0072916667 0.0129629630
2 0.2958333333 0.0902777778 0.0072916667 0.0129629630
2 0.3981770833 0.0902777778 0.0072916667 0.0129629630
2 0.6036458333 0.0907407407 0.0072916667 0.0129629630
2 0.7067708333 0.0898148148 0.0072916667 0.0129629630
2 0.8098958333 0.0898148148 0.0072916667 0.0129629630
2 0.9375000000 0.3129629630 0.0072916667 0.0129629630
2 0.9375000000 0.4972222222 0.0072916667 0.0129629630
2 0.9380208333 0.6819444444 0.0072916667 0.0129629630
2 0.8111979167 0.9097222222 0.0072916667 0.0129629630
2 0.7067708333 0.9097222222 0.0072916667 0.0129629630
2 0.6039062500 0.9092592593 0.0072916667 0.0129629630
2 0.3992187500 0.9092592593 0.0072916667 0.0129629630
2 0.2960937500 0.9097222222 0.0072916667 0.0129629630
2 0.1919270833 0.9092592593 0.0072916667 0.0129629630
