4 0.5630208333 0.2509259259 0.0135416667 0.0259259259
3 0.5703125000 0.3027777778 0.0151041667 0.0259259259
3 0.5192708333 0.2375000000 0.0135416667 0.0240740741
1 0.4580729167 0.2472222222 0.0145833333 0.0250000000
3 0.3531250000 0.2476851852 0.0135416667 0.0250000000
3 0.3536458333 0.3060185185 0.0151041667 0.0268518519
3 0.4632812500 0.3500000000 0.0151041667 0.0268518519
4 0.5135416667 0.3662037037 0.0161458333 0.0268518519
0 0.5380208333 0.5217592593 0.0171875000 0.0314814815
4 0.5026041667 0.5490740741 0.0182291667 0.0333333333
3 0.4572916667 0.5625000000 0.0182291667 0.0324074074
3 0.4890625000 0.6212962963 0.0192708333 0.0351851852
4 0.4500000000 0.6467592593 0.0187500000 0.0351851852
4 0.4617187500 0.6967592593 0.0203125000 0.0370370370
2 0.2411458333 0.6393518519 0.0072916667 0.0129629630
2 0.2575520833 0.5555555556 0.0072916667 0.0129629630
2 0.2734375000 0.4828703704 0.0072916667 0.0129629630
2 0.2984375000 0.3611111111 0.0072916667 0.0129629630
2 0.3101562500 0.3092592593 0.0072916667 0.0129629630
2 0.3192708333 0.2625000000 0.0072916667 0.0129629630
2 0.4270833333 0.2078703704 0.0072916667 0.0129629630
2 0.5002604167 0.2078703704 0.0072916667 0.0129629630
2 0.5742187500 0.2078703704 0.0072916667 0.0129629630
2 0.6796875000 0.2648148148 0.0072916667 0.0129629630
2 0.6880208333 0.3134259259 0.0072916667 0.0129629630
2 0.6966145833 0.3648148148 0.0072916667 0.0129629630
2 0.7171875000 0.4879629630 0.0072916667 0.0129629630
2 0.7294270833 0.5625000000 0.0072916667 0.0129629630
2 0.7434895833 0.6453703704 0.0072916667 0.0129629630
2 0.6085937500 0.7680555556 0.0072916667 0.0129629630
2 0.4875000000 0.7652777778 0.0072916667 0.0129629630
2 0.3682291667 0.7643518519 0.0072916667 0.0129629630
