3 0.6187500000 0.4597222222 0.0177083333 0.0296296296
3 0.5544270833 0.5314814815 0.0177083333 0.0305555556
0 0.4705729167 0.5550925926 0.0182291667 0.0333333333
4 0.4330729167 0.2935185185 0.0156250000 0.0268518519
4 0.3361979167 0.3861111111 0.0156250000 0.0296296296
4 0.3434895833 0.6199074074 0.0192708333 0.0351851852
1 0.3789062500 0.7240740741 0.0208333333 0.0268518519
4 0.2851562500 0.6861111111 0.0203125000 0.0361111111
2 0.2419270833 0.6375000000 0.0072916667 0.0129629630
2 0.2575520833 0.5550925926 0.0072916667 0.0129629630
2 0.2734375000 0.4833333333 0.0072916667 0.0129629630
2 0.2986979167 0.3615740741 0.0072916667 0.0129629630
2 0.3101562500 0.3087962963 0.0072916667 0.0129629630
2 0.3200520833 0.2620370370 0.0072916667 0.0129629630
2 0.4270833333 0.2074074074 0.0072916667 0.0129629630
2 0.5002604167 0.2087962963 0.0072916667 0.0129629630
2 0.5744791667 0.2087962963 0.0072916667 0.0129629630
2 0.6799479167 0.2648148148 0.0072916667 0.0129629630
2 0.6885416667 0.3125000000 0.0072916667 0.0129629630
2 0.6960937500 0.3652777778 0.0072916667 0.0129629630
2 0.7174479167 0.4884259259 0.0072916667 0.0129629630
2 0.7302083333 0.5620370370 0.0072916667 0.0129629630
2 0.7437500000 0.6449074074 0.0072916667 0.0129629630
2 0.6091145833 0.7685185185 0.0072916667 0.0129629630
2 0.4882812500 0.7662037037 0.0072916667 0.0129629630
2 0.3684895833 0.7638888889 0.0072916667 0.0129629630
