4 0.7651041667 0.7236111111 0.0161458333 0.0287037037
3 0.8182291667 0.6597222222 0.0156250000 0.0268518519
4 0.7992187500 0.5296296296 0.0161458333 0.0277777778
4 0.7184895833 0.3939814815 0.0161458333 0.0277777778
3 0.7164062500 0.6444444444 0.0156250000 0.0259259259
1 0.6205729167 0.7240740741 0.0156250000 0.0277777778
4 0.6270833333 0.6759259259 0.0151041667 0.0268518519
4 0.6302083333 0.6245370370 0.0156250000 0.0277777778
3 0.5156250000 0.6300925926 0.0151041667 0.0268518519
0 0.5848958333 0.3069444444 0.0156250000 0.0268518519
4 0.5309895833 0.2444444444 0.0151041667 0.0268518519
3 0.3986979167 0.2662037037 0.0151041667 0.0277777778
4 0.2742187500 0.4472222222 0.0156250000 0.0277777778
3 0.2596354167 0.6689814815 0.0156250000 0.0259259259
2 0.1388020833 0.6569444444 0.0072916667 0.0129629630
2 0.1385416667 0.5069444444 0.0072916667 0.0129629630
2 0.1377604167 0.3546296296 0.0072916667 0.0129629630
2 0.2468750000 0.1606481481 0.0072916667 0.0129629630
2 0.3322916667 0.1601851852 0.0072916667 0.0129629630
2 0.4174479167 0.1597222222 0.0072916667 0.0129629630
2 0.5875000000 0.1601851852 0.0072916667 0.0129629630
2 0.6726562500 0.1601851852 0.0072916667 0.0129629630
2 0.7578125000 0.1606481481 0.0072916667 0.0129629630
2 0.8656250000 0.3546296296 0.0072916667 0.0129629630
2 0.8653645833 0.5069444444 0.0072916667 0.0129629630
2 0.8648437500 0.6583333333 0.0072916667 0.0129629630
2 0.7557291667 0.8500000000 0.0072916667 0.0129629630
2 0.6713541667 0.8495370370 0.0072916667 0.0129629630
2 0.5861979167 0.8504629630 0.0072916667 0.0129629630
2 0.4171875000 0.8500000000 0.0072916667 0.0129629630
2 0.3328125000 0.8500000000 0.0072916667 0.0129629630
2 0.2479166667 0.8490740741 0.0072916667 0.0129629630
