3 0.8492187500 0.2814814815 0.0260416667 0.0425925926
1 0.8716145833 0.5222222222 0.0250000000 0.0425925926
3 0.8278645833 0.5041666667 0.0244791667 0.0425925926
0 0.4526041667 0.4351851852 0.0239583333 0.0407407407
3 0.2000000000 0.8018518519 0.0244791667 0.0416666667
3 0.1882812500 0.5513888889 0.0244791667 0.0416666667
3 0.1197916667 0.3745370370 0.0250000000 0.0425925926
2 0.0643229167 0.6865740741 0.0072916667 0.0129629630
2 0.0656250000 0.5004629630 0.0072916667 0.0129629630
2 0.0664062500 0.3143518519 0.0072916667 0.0129629630
2 0.1945312500 0.0879629630 0.0072916667 0.0129629630
2 0.2992187500 0.0879629630 0.0072916667 0.0129629630
2 0.4026041667 0.0888888889 0.0072916667 0.0129629630
2 0.6104166667 0.0875000000 0.0072916667 0.0129629630
2 0.7143229167 0.0865740741 0.0072916667 0.0129629630
2 0.8187500000 0.0861111111 0.0072916667 0.0129629630
2 0.9489583333 0.3138888889 0.0072916667 0.0129629630
2 0.9497395833 0.5000000000 0.0072916667 0.0129629630
2 0.9510416667 0.6879629630 0.0072916667 0.0129629630
2 0.8213541667 0.9166666667 0.0072916667 0.0129629630
2 0.7153645833 0.9162037037 0.0072916667 0.0129629630
2 0.6111979167 0.9162037037 0.0072916667 0.0129629630
2 0.4026041667 0.9157407407 0.0072916667 0.0129629630
2 0.2976562500 0.9157407407 0.0072916667 0.0129629630
2 0.1924479167 0.9148148148 0.0072916667 0.0129629630
