3 0.5445312500 0.2652777778 0.0151041667 0.0259259259
3 0.5252604167 0.2708333333 0.0140625000 0.0250000000
3 0.5666666667 0.3935185185 0.0161458333 0.0287037037
3 0.4861979167 0.4537037037 0.0166666667 0.0296296296
3 0.5739583333 0.6472222222 0.0192708333 0.0351851852
4 0.4440104167 0.6268518519 0.0192708333 0.0351851852
0 0.4760416667 0.5763888889 0.0182291667 0.0333333333
1 0.3213541667 0.5703703704 0.0187500000 0.0333333333
3 0.2802083333 0.6712962963 0.0197916667 0.0342592593
2 0.2414062500 0.6379629630 0.0072916667 0.0129629630
2 0.2583333333 0.5560185185 0.0072916667 0.0129629630
2 0.2731770833 0.4837962963 0.0072916667 0.0129629630
2 0.2989583333 0.3615740741 0.0072916667 0.0129629630
2 0.3098958333 0.3097222222 0.0072916667 0.0129629630
2 0.3197916667 0.2625000000 0.0072916667 0.0129629630
2 0.4268229167 0.2078703704 0.0072916667 0.0129629630
2 0.5007812500 0.2078703704 0.0072916667 0.0129629630
2 0.5747395833 0.2087962963 0.0072916667 0.0129629630
2 0.6804687500 0.2648148148 0.0072916667 0.0129629630
2 0.6882812500 0.3120370370 0.0072916667 0.0129629630
2 0.6971354167 0.3648148148 0.0072916667 0.0129629630
2 0.7177083333 0.4884259259 0.0072916667 0.0129629630
2 0.7302083333 0.5620370370 0.0072916667 0.0129629630
2 0.7442708333 0.6453703704 0.0072916667 0.0129629630
2 0.6083333333 0.7685185185 0.0072916667 0.0129629630
2 0.4882812500 0.7662037037 0.0072916667 0.0129629630
2 0.3687500000 0.7643518519 0.0072916667 0.0129629630
