4 0.6132812500 0.2300925926 0.0125000000 0.0212962963
4 0.6416666667 0.2708333333 0.0156250000 0.0268518519
4 0.4947916667 0.2587962963 0.0145833333 0.0268518519
4 0.5934895833 0.3675925926 0.0156250000 0.0287037037
4 0.6536458333 0.5731481481 0.0187500000 0.0324074074
4 0.4289062500 0.4500000000 0.0166666667 0.0305555556
1 0.5351562500 0.4912037037 0.0171875000 0.0305555556
3 0.5059895833 0.5837962963 0.0192708333 0.0333333333
3 0.4528645833 0.5722222222 0.0182291667 0.0314814815
3 0.4666666667 0.6731481481 0.0197916667 0.0351851852
0 0.4010416667 0.6569444444 0.0192708333 0.0351851852
2 0.2411458333 0.6379629630 0.0072916667 0.0129629630
2 0.2585937500 0.5555555556 0.0072916667 0.0129629630
2 0.2734375000 0.4833333333 0.0072916667 0.0129629630
2 0.2992187500 0.3615740741 0.0072916667 0.0129629630
2 0.3101562500 0.3092592593 0.0072916667 0.0129629630
2 0.3200520833 0.2620370370 0.0072916667 0.0129629630
2 0.4270833333 0.2074074074 0.0072916667 0.0129629630
2 0.5005208333 0.2083333333 0.0072916667 0.0129629630
2 0.5747395833 0.2087962963 0.0072916667 0.0129629630
2 0.6802083333 0.2648148148 0.0072916667 0.0129629630
2 0.6968750000 0.3648148148 0.0072916667 0.0129629630
2 0.7177083333 0.4888888889 0.0072916667 0.0129629630
2 0.7299479167 0.5625000000 0.0072916667 0.0129629630
2 0.7440104167 0.6453703704 0.0072916667 0.0129629630
2 0.6088541667 0.7685185185 0.0072916667 0.0129629630
2 0.4888020833 0.7666666667 0.0072916667 0.0129629630
2 0.3690104167 0.7643518519 0.0072916667 0.0129629630
