1 0.6216145833 0.4240740741 0.0145833333 0.0250000000
3 0.5010416667 0.4291666667 0.0140625000 0.0157407407
3 0.5015625000 0.4416666667 0.0130208333 0.0231481481
3 0.4281250000 0.4203703704 0.0125000000 0.0231481481
0 0.4442708333 0.4666666667 0.0140625000 0.0259259259
2 0.3411458333 0.5810185185 0.0072916667 0.0092592593
2 0.3481770833 0.5509259259 0.0072916667 0.0092592593
2 0.3541666667 0.5222222222 0.0072916667 0.0092592593
2 0.3648437500 0.4717592593 0.0072916667 0.0092592593
2 0.3703125000 0.4490740741 0.0072916667 0.0092592593
2 0.3747395833 0.4282407407 0.0072916667 0.0092592593
2 0.4515625000 0.4032407407 0.0072916667 0.0092592593
2 0.5104166667 0.4041666667 0.0072916667 0.0092592593
2 0.5690104167 0.4055555556 0.0072916667 0.0092592593
2 0.6466145833 0.4310185185 0.0072916667 0.0092592593
2 0.6502604167 0.4537037037 0.0072916667 0.0092592593
2 0.6549479167 0.4768518519 0.0072916667 0.0092592593
2 0.6653645833 0.5273148148 0.0072916667 0.0092592593
2 0.6705729167 0.5560185185 0.0072916667 0.0092592593
2 0.6757812500 0.5847222222 0.0072916667 0.0092592593
2 0.5869791667 0.6245370370 0.0072916667 0.0092592593
2 0.5080729167 0.6240740741 0.0072916667 0.0092592593
2 0.4291666667 0.6222222222 0.0072916667 0.0092592593
