3 0.7171875000 0.4055555556 0.0130208333 0.0203703704
0 0.7216145833 0.4162037037 0.0119791667 0.0222222222
3 0.7515625000 0.4333333333 0.0140625000 0.0240740741
3 0.7083333333 0.3657407407 0.0114583333 0.0212962963
4 0.6585937500 0.4000000000 0.0135416667 0.0231481481
4 0.6799479167 0.4629629630 0.0140625000 0.0250000000
3 0.6708333333 0.4810185185 0.0135416667 0.0250000000
1 0.6533854167 0.5365740741 0.0151041667 0.0268518519
4 0.5796875000 0.5791666667 0.0156250000 0.0287037037
3 0.5580729167 0.4944444444 0.0140625000 0.0240740741
4 0.5151041667 0.4856481481 0.0140625000 0.0268518519
4 0.4307291667 0.4388888889 0.0135416667 0.0250000000
3 0.3526041667 0.4907407407 0.0140625000 0.0250000000
2 0.4174479167 0.6111111111 0.0114583333 0.0129629630
2 0.3677083333 0.5657407407 0.0114583333 0.0129629630
2 0.3221354167 0.5236111111 0.0114583333 0.0129629630
2 0.3536458333 0.4388888889 0.0114583333 0.0129629630
2 0.4145833333 0.4134259259 0.0114583333 0.0129629630
2 0.4721354167 0.3898148148 0.0114583333 0.0129629630
2 0.5786458333 0.3453703704 0.0114583333 0.0129629630
2 0.6276041667 0.3250000000 0.0114583333 0.0129629630
2 0.6736979167 0.3055555556 0.0114583333 0.0129629630
2 0.7914062500 0.3125000000 0.0114583333 0.0129629630
2 0.8421875000 0.3384259259 0.0114583333 0.0129629630
2 0.8963541667 0.3652777778 0.0114583333 0.0129629630
2 0.9153645833 0.4361111111 0.0114583333 0.0129629630
2 0.8679687500 0.4629629630 0.0114583333 0.0129629630
2 0.8177083333 0.4912037037 0.0114583333 0.0129629630
2 0.7075520833 0.5532407407 0.0114583333 0.0129629630
2 0.6463541667 0.5879629630 0.0114583333 0.0129629630
2 0.5804687500 0.6250000000 0.0114583333 0.0129629630
