4 0.9070312500 0.3953703704 0.0135416667 0.0222222222
1 0.7372395833 0.3060185185 0.0119791667 0.0212962963
4 0.7539062500 0.3958333333 0.0130208333 0.0222222222
4 0.6166666667 0.3712962963 0.0125000000 0.0222222222
4 0.6424479167 0.3763888889 0.0130208333 0.0231481481
3 0.5703125000 0.3898148148 0.0125000000 0.0222222222
4 0.5981770833 0.4666666667 0.0135416667 0.0250000000
0 0.5174479167 0.4763888889 0.0135416667 0.0250000000
4 0.4606770833 0.5120370370 0.0151041667 0.0268518519
2 0.4171875000 0.6111111111 0.0114583333 0.0129629630
2 0.3674479167 0.5657407407 0.0114583333 0.0129629630
2 0.3221354167 0.5236111111 0.0114583333 0.0129629630
2 0.3536458333 0.4388888889 0.0114583333 0.0129629630
2 0.4145833333 0.4134259259 0.0114583333 0.0129629630
2 0.4723958333 0.3893518519 0.0114583333 0.0129629630
2 0.5786458333 0.3449074074 0.0114583333 0.0129629630
2 0.6276041667 0.3245370370 0.0114583333 0.0129629630
2 0.6739583333 0.3050925926 0.0114583333 0.0129629630
2 0.7914062500 0.3125000000 0.0114583333 0.0129629630
2 0.8421875000 0.3375000000 0.0114583333 0.0129629630
2 0.8963541667 0.3648148148 0.0114583333 0.0129629630
2 0.9151041667 0.4356481481 0.0114583333 0.0129629630
2 0.8677083333 0.4625000000 0.0114583333 0.0129629630
2 0.8174479167 0.4907407407 0.0114583333 0.0129629630
2 0.7072916667 0.5527777778 0.0114583333 0.0129629630
2 0.6463541667 0.5875000000 0.0114583333 0.0129629630
2 0.5807291667 0.6245370370 0.0114583333 0.0129629630
