3 0.4945312500 0.5754629630 0.0156250000 0.0277777778
4 0.5013020833 0.5902777778 0.0151041667 0.0287037037
4 0.5187500000 0.5953703704 0.0161458333 0.0287037037
3 0.6460937500 0.5587962963 0.0140625000 0.0222222222
3 0.6666666667 0.5472222222 0.0140625000 0.0231481481
4 0.7075520833 0.4888888889 0.0140625000 0.0250000000
4 0.8789062500 0.4287037037 0.0145833333 0.0222222222
3 0.8921875000 0.4245370370 0.0135416667 0.0194444444
1 0.7859375000 0.4222222222 0.0130208333 0.0231481481
0 0.7513020833 0.3875000000 0.0125000000 0.0212962963
4 0.7320312500 0.3069444444 0.0119791667 0.0212962963
4 0.6960937500 0.3944444444 0.0125000000 0.0240740741
3 0.6320312500 0.3925925926 0.0135416667 0.0231481481
4 0.4497395833 0.4328703704 0.0130208333 0.0250000000
3 0.3250000000 0.4865740741 0.0140625000 0.0250000000
3 0.3682291667 0.5189814815 0.0140625000 0.0250000000
2 0.4171875000 0.6115740741 0.0114583333 0.0129629630
2 0.3674479167 0.5657407407 0.0114583333 0.0129629630
2 0.3221354167 0.5240740741 0.0114583333 0.0129629630
2 0.3533854167 0.4393518519 0.0114583333 0.0129629630
2 0.4143229167 0.4138888889 0.0114583333 0.0129629630
2 0.4723958333 0.3898148148 0.0114583333 0.0129629630
2 0.5786458333 0.3453703704 0.0114583333 0.0129629630
2 0.6273437500 0.3250000000 0.0114583333 0.0129629630
2 0.6739583333 0.3055555556 0.0114583333 0.0129629630
2 0.7911458333 0.3129629630 0.0114583333 0.0129629630
2 0.8416666667 0.3384259259 0.0114583333 0.0129629630
2 0.8960937500 0.3657407407 0.0114583333 0.0129629630
2 0.9151041667 0.4361111111 0.0114583333 0.0129629630
2 0.8679687500 0.4629629630 0.0114583333 0.0129629630
2 0.8177083333 0.4912037037 0.0114583333 0.0129629630
2 0.7072916667 0.5537037037 0.0114583333 0.0129629630
2 0.6460937500 0.5879629630 0.0114583333 0.0129629630
2 0.5807291667 0.6250000000 0.0114583333 0.0129629630
