4 0.6638020833 0.4976851852 0.0151041667 0.0277777778
3 0.7039062500 0.5013888889 0.0151041667 0.0268518519
4 0.7177083333 0.4986111111 0.0145833333 0.0268518519
3 0.7026041667 0.4337962963 0.0130208333 0.0240740741
3 0.7244791667 0.4074074074 0.0140625000 0.0231481481
0 0.8070312500 0.4152777778 0.0130208333 0.0222222222
4 0.7552083333 0.3685185185 0.0125000000 0.0222222222
4 0.6976562500 0.3513888889 0.0125000000 0.0222222222
3 0.6328125000 0.3694444444 0.0119791667 0.0222222222
3 0.5343750000 0.4504629630 0.0135416667 0.0231481481
4 0.5606770833 0.4810185185 0.0140625000 0.0259259259
4 0.5533854167 0.6115740741 0.0156250000 0.0212962963
1 0.5010416667 0.6143518519 0.0156250000 0.0287037037
4 0.4557291667 0.4925925926 0.0140625000 0.0259259259
3 0.4156250000 0.4597222222 0.0130208333 0.0240740741
3 0.4026041667 0.4925925926 0.0140625000 0.0250000000
2 0.4174479167 0.6106481481 0.0114583333 0.0129629630
2 0.3674479167 0.5648148148 0.0114583333 0.0129629630
2 0.3221354167 0.5236111111 0.0114583333 0.0129629630
2 0.3536458333 0.4388888889 0.0114583333 0.0129629630
2 0.4145833333 0.4129629630 0.0114583333 0.0129629630
2 0.4723958333 0.3884259259 0.0114583333 0.0129629630
2 0.5786458333 0.3444444444 0.0114583333 0.0129629630
2 0.6276041667 0.3245370370 0.0114583333 0.0129629630
2 0.6739583333 0.3050925926 0.0114583333 0.0129629630
2 0.7914062500 0.3125000000 0.0114583333 0.0129629630
2 0.8421875000 0.3375000000 0.0114583333 0.0129629630
2 0.8960937500 0.3648148148 0.0114583333 0.0129629630
2 0.9151041667 0.4356481481 0.0114583333 0.0129629630
2 0.8679687500 0.4620370370 0.0114583333 0.0129629630
2 0.8177083333 0.4907407407 0.0114583333 0.0129629630
2 0.7072916667 0.5532407407 0.0114583333 0.0129629630
2 0.6463541667 0.5875000000 0.0114583333 0.0129629630
2 0.5807291667 0.6245370370 0.0114583333 0.0129629630
