3 0.2471354167 0.3768518519 0.0156250000 0.0268518519
3 0.3541666667 0.3504629630 0.0145833333 0.0268518519
4 0.3669270833 0.3550925926 0.0151041667 0.0277777778
3 0.5132812500 0.3800925926 0.0151041667 0.0277777778
4 0.6023437500 0.4351851852 0.0171875000 0.0296296296
0 0.6062500000 0.4731481481 0.0177083333 0.0314814815
4 0.6604166667 0.5726851852 0.0203125000 0.0361111111
4 0.6489583333 0.6731481481 0.0223958333 0.0416666667
3 0.5763020833 0.7337962963 0.0244791667 0.0444444444
4 0.3992187500 0.5782407407 0.0203125000 0.0370370370
4 0.4833333333 0.7018518519 0.0234375000 0.0407407407
4 0.4539062500 0.5638888889 0.0203125000 0.0351851852
3 0.3880208333 0.5949074074 0.0213541667 0.0370370370
3 0.3609375000 0.5245370370 0.0187500000 0.0342592593
3 0.3828125000 0.4944444444 0.0182291667 0.0324074074
1 0.3403645833 0.4578703704 0.0171875000 0.0314814815
2 0.3781250000 0.7226851852 0.0114583333 0.0129629630
2 0.3221354167 0.6435185185 0.0114583333 0.0129629630
2 0.2750000000 0.5763888889 0.0114583333 0.0129629630
2 0.2000000000 0.4708333333 0.0114583333 0.0129629630
2 0.1692708333 0.4273148148 0.0114583333 0.0129629630
2 0.1424479167 0.3888888889 0.0114583333 0.0129629630
2 0.2135416667 0.3240740741 0.0114583333 0.0129629630
2 0.2875000000 0.3083333333 0.0114583333 0.0129629630
2 0.3562500000 0.2935185185 0.0114583333 0.0129629630
2 0.4859375000 0.3078703704 0.0114583333 0.0129629630
2 0.5270833333 0.3361111111 0.0114583333 0.0129629630
2 0.5731770833 0.3675925926 0.0114583333 0.0129629630
2 0.6815104167 0.4416666667 0.0114583333 0.0129629630
2 0.7468750000 0.4865740741 0.0114583333 0.0129629630
2 0.8218750000 0.5375000000 0.0114583333 0.0129629630
2 0.8268229167 0.6689814815 0.0114583333 0.0129629630
2 0.7309895833 0.7162037037 0.0114583333 0.0129629630
2 0.6236979167 0.7694444444 0.0114583333 0.0129629630
