4 0.5716145833 0.6546296296 0.0203125000 0.0342592593
3 0.5653645833 0.6717592593 0.0213541667 0.0361111111
4 0.5700520833 0.7060185185 0.0229166667 0.0240740741
3 0.6520833333 0.6916666667 0.0213541667 0.0361111111
4 0.6078125000 0.6337962963 0.0197916667 0.0351851852
1 0.5510416667 0.5143518519 0.0156250000 0.0268518519
0 0.5315104167 0.5180555556 0.0151041667 0.0259259259
4 0.4588541667 0.5273148148 0.0156250000 0.0268518519
3 0.5000000000 0.6444444444 0.0203125000 0.0351851852
4 0.5197916667 0.6652777778 0.0203125000 0.0370370370
4 0.4906250000 0.7032407407 0.0213541667 0.0277777778
3 0.4283854167 0.6976851852 0.0229166667 0.0379629630
4 0.3937500000 0.6995370370 0.0223958333 0.0370370370
3 0.3789062500 0.6629629630 0.0197916667 0.0361111111
2 0.2828125000 0.6810185185 0.0072916667 0.0092592593
2 0.2945312500 0.6472222222 0.0072916667 0.0092592593
2 0.3049479167 0.6171296296 0.0072916667 0.0092592593
2 0.3231770833 0.5648148148 0.0072916667 0.0092592593
2 0.3309895833 0.5421296296 0.0072916667 0.0092592593
2 0.3382812500 0.5208333333 0.0072916667 0.0092592593
2 0.4265625000 0.4972222222 0.0072916667 0.0092592593
2 0.4916666667 0.4967592593 0.0072916667 0.0092592593
2 0.5572916667 0.4953703704 0.0072916667 0.0092592593
2 0.6463541667 0.5175925926 0.0072916667 0.0092592593
2 0.6531250000 0.5379629630 0.0072916667 0.0092592593
2 0.6609375000 0.5597222222 0.0072916667 0.0092592593
2 0.6791666667 0.6111111111 0.0072916667 0.0092592593
2 0.6906250000 0.6412037037 0.0072916667 0.0092592593
2 0.7026041667 0.6745370370 0.0072916667 0.0092592593
2 0.5955729167 0.7226851852 0.0072916667 0.0092592593
2 0.4937500000 0.7245370370 0.0072916667 0.0092592593
2 0.3919270833 0.7259259259 0.0072916667 0.0092592593
