4 0.5109375000 0.5041666667 0.0083333333 0.0148148148
4 0.5843750000 0.5481481481 0.0098958333 0.0175925926
3 0.5713541667 0.5236111111 0.0088541667 0.0157407407
0 0.5643229167 0.5597222222 0.0098958333 0.0175925926
4 0.5361979167 0.5898148148 0.0104166667 0.0194444444
4 0.4815104167 0.6111111111 0.0114583333 0.0194444444
4 0.4940104167 0.5518518519 0.0104166667 0.0166666667
1 0.4408854167 0.5643518519 0.0098958333 0.0175925926
4 0.3778645833 0.6148148148 0.0114583333 0.0129629630
4 0.4085937500 0.5643518519 0.0098958333 0.0175925926
2 0.3518229167 0.5962962963 0.0072916667 0.0092592593
2 0.3596354167 0.5754629630 0.0072916667 0.0092592593
2 0.3786458333 0.5250000000 0.0072916667 0.0092592593
2 0.3841145833 0.5111111111 0.0072916667 0.0092592593
2 0.3888020833 0.4981481481 0.0072916667 0.0092592593
2 0.4497395833 0.4828703704 0.0072916667 0.0092592593
2 0.4934895833 0.4824074074 0.0072916667 0.0092592593
2 0.5630208333 0.4824074074 0.0072916667 0.0092592593
2 0.5971354167 0.4962962963 0.0072916667 0.0092592593
2 0.6015625000 0.5092592593 0.0072916667 0.0092592593
2 0.6065104167 0.5231481481 0.0072916667 0.0092592593
2 0.6174479167 0.5550925926 0.0072916667 0.0092592593
2 0.6239583333 0.5736111111 0.0072916667 0.0092592593
2 0.6309895833 0.5935185185 0.0072916667 0.0092592593
2 0.5570312500 0.6250000000 0.0072916667 0.0092592593
2 0.4911458333 0.6254629630 0.0072916667 0.0092592593
2 0.4247395833 0.6259259259 0.0072916667 0.0092592593
