4 0.4718750000 0.8833333333 0.0229166667 0.0435185185
4 0.6153645833 0.7962962963 0.0203125000 0.0388888889
4 0.6252604167 0.7125000000 0.0177083333 0.0324074074
0 0.5768229167 0.6314814815 0.0156250000 0.0277777778
4 0.5731770833 0.6004629630 0.0145833333 0.0268518519
4 0.3648437500 0.7134259259 0.0177083333 0.0333333333
4 0.4611979167 0.6430555556 0.0161458333 0.0287037037
1 0.3617187500 0.5592592593 0.0135416667 0.0240740741
4 0.3375000000 0.5305555556 0.0125000000 0.0222222222
3 0.3122395833 0.5388888889 0.0130208333 0.0231481481
2 0.3729166667 0.8388888889 0.0114583333 0.0129629630
2 0.3234375000 0.7726851852 0.0114583333 0.0129629630
2 0.2825520833 0.7171296296 0.0114583333 0.0129629630
2 0.2179687500 0.6300925926 0.0114583333 0.0129629630
2 0.1921875000 0.5949074074 0.0114583333 0.0129629630
2 0.1692708333 0.5638888889 0.0114583333 0.0129629630
2 0.2333333333 0.5115740741 0.0114583333 0.0129629630
2 0.2979166667 0.4986111111 0.0114583333 0.0129629630
2 0.3588541667 0.4865740741 0.0114583333 0.0129629630
2 0.4718750000 0.4981481481 0.0114583333 0.0129629630
2 0.5072916667 0.5203703704 0.0114583333 0.0129629630
2 0.5479166667 0.5453703704 0.0114583333 0.0129629630
2 0.6429687500 0.6046296296 0.0114583333 0.0129629630
2 0.7007812500 0.6407407407 0.0114583333 0.0129629630
2 0.7674479167 0.6824074074 0.0114583333 0.0129629630
2 0.7739583333 0.7912037037 0.0114583333 0.0129629630
2 0.6893229167 0.8314814815 0.0114583333 0.0129629630
2 0.5934895833 0.8773148148 0.0114583333 0.0129629630
