4 0.5994791667 0.3754629630 0.0171875000 0.0296296296
4 0.6062500000 0.4287037037 0.0182291667 0.0324074074
1 0.4846354167 0.4398148148 0.0177083333 0.0342592593
2 0.3799479167 0.4990740741 0.0072916667 0.0092592593
2 0.3557291667 0.4527777778 0.0072916667 0.0092592593
2 0.3359375000 0.4143518519 0.0072916667 0.0092592593
2 0.3036458333 0.3500000000 0.0072916667 0.0092592593
2 0.2903645833 0.3236111111 0.0072916667 0.0092592593
2 0.2789062500 0.3000000000 0.0072916667 0.0092592593
2 0.3289062500 0.2601851852 0.0072916667 0.0092592593
2 0.3776041667 0.2513888889 0.0072916667 0.0092592593
2 0.4247395833 0.2412037037 0.0072916667 0.0092592593
2 0.5054687500 0.2500000000 0.0072916667 0.0092592593
2 0.5283854167 0.2699074074 0.0072916667 0.0092592593
2 0.5536458333 0.2902777778 0.0072916667 0.0092592593
2 0.6135416667 0.3398148148 0.0072916667 0.0092592593
2 0.6486979167 0.3699074074 0.0072916667 0.0092592593
2 0.6880208333 0.4037037037 0.0072916667 0.0092592593
2 0.6677083333 0.4791666667 0.0072916667 0.0092592593
2 0.5968750000 0.5027777778 0.0072916667 0.0092592593
2 0.5200520833 0.5300925926 0.0072916667 0.0092592593
