4 0.7666666667 0.5296296296 0.0343750000 0.0601851852
0 0.5549479167 0.4907407407 0.0322916667 0.0564814815
1 0.4794270833 0.3347222222 0.0270833333 0.0472222222
4 0.3520833333 0.2578703704 0.0244791667 0.0435185185
3 0.2101562500 0.5856481481 0.0364583333 0.0620370370
2 0.1484375000 0.5569444444 0.0114583333 0.0129629630
2 0.1763020833 0.4837962963 0.0114583333 0.0129629630
2 0.1992187500 0.4217592593 0.0114583333 0.0129629630
2 0.2364583333 0.3185185185 0.0114583333 0.0129629630
2 0.2520833333 0.2750000000 0.0114583333 0.0129629630
2 0.2661458333 0.2361111111 0.0114583333 0.0129629630
2 0.4036458333 0.1949074074 0.0114583333 0.0129629630
2 0.5023437500 0.1949074074 0.0114583333 0.0129629630
2 0.6015625000 0.1949074074 0.0114583333 0.0129629630
2 0.7367187500 0.2375000000 0.0114583333 0.0129629630
2 0.7497395833 0.2759259259 0.0114583333 0.0129629630
2 0.7632812500 0.3185185185 0.0114583333 0.0129629630
2 0.8182291667 0.4851851852 0.0114583333 0.0129629630
2 0.8427083333 0.5574074074 0.0114583333 0.0129629630
2 0.6645833333 0.6638888889 0.0114583333 0.0129629630
2 0.4929687500 0.6634259259 0.0114583333 0.0129629630
2 0.3205729167 0.6625000000 0.0114583333 0.0129629630
