4 0.7424479167 0.7254629630 0.0192708333 0.0268518519
3 0.6567708333 0.6328703704 0.0166666667 0.0287037037
4 0.6059895833 0.6754629630 0.0171875000 0.0314814815
0 0.5893229167 0.6416666667 0.0161458333 0.0296296296
3 0.5872395833 0.5680555556 0.0140625000 0.0259259259
4 0.5627604167 0.5805555556 0.0145833333 0.0240740741
3 0.5635416667 0.6032407407 0.0151041667 0.0277777778
4 0.5414062500 0.5976851852 0.0156250000 0.0277777778
3 0.3950520833 0.6759259259 0.0177083333 0.0324074074
3 0.3619791667 0.7203703704 0.0192708333 0.0333333333
3 0.5213541667 0.5037037037 0.0125000000 0.0222222222
3 0.4283854167 0.4509259259 0.0109375000 0.0194444444
4 0.4265625000 0.5416666667 0.0140625000 0.0250000000
1 0.2221354167 0.4962962963 0.0130208333 0.0222222222
2 0.3593750000 0.7847222222 0.0114583333 0.0129629630
2 0.3205729167 0.7189814815 0.0114583333 0.0129629630
2 0.2880208333 0.6634259259 0.0114583333 0.0129629630
2 0.2375000000 0.5777777778 0.0114583333 0.0129629630
2 0.2171875000 0.5425925926 0.0114583333 0.0129629630
2 0.1992187500 0.5120370370 0.0114583333 0.0129629630
2 0.2648437500 0.4625000000 0.0114583333 0.0129629630
2 0.3273437500 0.4513888889 0.0114583333 0.0129629630
2 0.3861979167 0.4412037037 0.0114583333 0.0129629630
2 0.4927083333 0.4541666667 0.0114583333 0.0129629630
2 0.5247395833 0.4773148148 0.0114583333 0.0129629630
2 0.5606770833 0.5027777778 0.0114583333 0.0129629630
2 0.6466145833 0.5643518519 0.0114583333 0.0129629630
2 0.6986979167 0.6018518519 0.0114583333 0.0129629630
2 0.7604166667 0.6458333333 0.0114583333 0.0129629630
2 0.7531250000 0.7537037037 0.0114583333 0.0129629630
2 0.6645833333 0.7907407407 0.0114583333 0.0129629630
2 0.5656250000 0.8310185185 0.0114583333 0.0129629630
