3 0.3343750000 0.4328703704 0.0083333333 0.0101851852
3 0.3838541667 0.4388888889 0.0083333333 0.0148148148
4 0.3966145833 0.4365740741 0.0083333333 0.0148148148
4 0.4114583333 0.4337962963 0.0067708333 0.0148148148
4 0.4059895833 0.4356481481 0.0083333333 0.0157407407
3 0.4273437500 0.4333333333 0.0078125000 0.0157407407
0 0.4372395833 0.4439814815 0.0072916667 0.0157407407
3 0.4317708333 0.4453703704 0.0088541667 0.0157407407
4 0.4854166667 0.4990740741 0.0104166667 0.0166666667
3 0.5026041667 0.5060185185 0.0104166667 0.0175925926
4 0.5296875000 0.4791666667 0.0098958333 0.0175925926
3 0.5346354167 0.4583333333 0.0088541667 0.0166666667
1 0.5468750000 0.4569444444 0.0093750000 0.0157407407
4 0.6218750000 0.4814814815 0.0098958333 0.0120370370
2 0.3528645833 0.4231481481 0.0072916667 0.0092592593
2 0.3825520833 0.4162037037 0.0072916667 0.0092592593
2 0.4111979167 0.4101851852 0.0072916667 0.0092592593
2 0.4692708333 0.4111111111 0.0072916667 0.0092592593
2 0.4906250000 0.4189814815 0.0072916667 0.0092592593
2 0.5132812500 0.4268518519 0.0072916667 0.0092592593
2 0.5638020833 0.4444444444 0.0072916667 0.0092592593
2 0.5916666667 0.4527777778 0.0072916667 0.0092592593
2 0.6210937500 0.4625000000 0.0072916667 0.0092592593
2 0.6244791667 0.4884259259 0.0072916667 0.0092592593
2 0.5937500000 0.4990740741 0.0072916667 0.0092592593
2 0.5601562500 0.5101851852 0.0072916667 0.0092592593
2 0.4783854167 0.5083333333 0.0072916667 0.0092592593
2 0.4500000000 0.4949074074 0.0072916667 0.0092592593
2 0.4244791667 0.4824074074 0.0072916667 0.0092592593
2 0.3770833333 0.4611111111 0.0072916667 0.0092592593
2 0.3559895833 0.4513888889 0.0072916667 0.0092592593
2 0.3359375000 0.4421296296 0.0072916667 0.0092592593
