3 0.7445312500 0.4939814815 0.0322916667 0.0583333333
4 0.7671875000 0.5189814815 0.0333333333 0.0592592593
0 0.7664062500 0.5893518519 0.0359375000 0.0629629630
4 0.5770833333 0.2722222222 0.0250000000 0.0435185185
4 0.4088541667 0.2888888889 0.0250000000 0.0472222222
1 0.2919270833 0.5277777778 0.0338541667 0.0620370370
2 0.1492187500 0.5569444444 0.0114583333 0.0129629630
2 0.1760416667 0.4842592593 0.0114583333 0.0129629630
2 0.1994791667 0.4217592593 0.0114583333 0.0129629630
2 0.2367187500 0.3189814815 0.0114583333 0.0129629630
2 0.2523437500 0.2754629630 0.0114583333 0.0129629630
2 0.2661458333 0.2365740741 0.0114583333 0.0129629630
2 0.4039062500 0.1953703704 0.0114583333 0.0129629630
2 0.5026041667 0.1949074074 0.0114583333 0.0129629630
2 0.6020833333 0.1949074074 0.0114583333 0.0129629630
2 0.7375000000 0.2375000000 0.0114583333 0.0129629630
2 0.7497395833 0.2759259259 0.0114583333 0.0129629630
2 0.7635416667 0.3185185185 0.0114583333 0.0129629630
2 0.7979166667 0.4222222222 0.0114583333 0.0129629630
2 0.8187500000 0.4847222222 0.0114583333 0.0129629630
2 0.8429687500 0.5574074074 0.0114583333 0.0129629630
2 0.6645833333 0.6638888889 0.0114583333 0.0129629630
2 0.4927083333 0.6634259259 0.0114583333 0.0129629630
2 0.3210937500 0.6620370370 0.0114583333 0.0129629630
