4 0.7020833333 0.3324074074 0.0140625000 0.0250000000
1 0.6330729167 0.3944444444 0.0140625000 0.0240740741
3 0.3908854167 0.6870370370 0.0140625000 0.0250000000
4 0.3687500000 0.6990740741 0.0140625000 0.0240740741
0 0.3148437500 0.6851851852 0.0140625000 0.0250000000
2 0.3244791667 0.2615740741 0.0072916667 0.0129629630
2 0.3841145833 0.2606481481 0.0072916667 0.0129629630
2 0.4442708333 0.2606481481 0.0072916667 0.0129629630
2 0.5651041667 0.2597222222 0.0072916667 0.0129629630
2 0.6250000000 0.2597222222 0.0072916667 0.0129629630
2 0.6848958333 0.2606481481 0.0072916667 0.0129629630
2 0.7585937500 0.3930555556 0.0072916667 0.0129629630
2 0.7588541667 0.4995370370 0.0072916667 0.0129629630
2 0.7588541667 0.6069444444 0.0072916667 0.0129629630
2 0.6859375000 0.7398148148 0.0072916667 0.0129629630
2 0.6257812500 0.7407407407 0.0072916667 0.0129629630
2 0.5656250000 0.7412037037 0.0072916667 0.0129629630
2 0.4442708333 0.7421296296 0.0072916667 0.0129629630
2 0.3838541667 0.7416666667 0.0072916667 0.0129629630
2 0.3236979167 0.7407407407 0.0072916667 0.0129629630
2 0.2513020833 0.6069444444 0.0072916667 0.0129629630
2 0.2513020833 0.4995370370 0.0072916667 0.0129629630
2 0.2520833333 0.3930555556 0.0072916667 0.0129629630
