4 0.7018229167 0.3319444444 0.0140625000 0.0250000000
1 0.3903645833 0.6958333333 0.0140625000 0.0240740741
3 0.3770833333 0.6787037037 0.0145833333 0.0240740741
4 0.3260416667 0.7000000000 0.0140625000 0.0231481481
0 0.3148437500 0.6851851852 0.0140625000 0.0250000000
2 0.2513020833 0.6064814815 0.0072916667 0.0129629630
2 0.2513020833 0.5000000000 0.0072916667 0.0129629630
2 0.2520833333 0.3930555556 0.0072916667 0.0129629630
2 0.3244791667 0.2620370370 0.0072916667 0.0129629630
2 0.3841145833 0.2606481481 0.0072916667 0.0129629630
2 0.4440104167 0.2601851852 0.0072916667 0.0129629630
2 0.5648437500 0.2592592593 0.0072916667 0.0129629630
2 0.6252604167 0.2597222222 0.0072916667 0.0129629630
2 0.6846354167 0.2606481481 0.0072916667 0.0129629630
2 0.7583333333 0.3930555556 0.0072916667 0.0129629630
2 0.7588541667 0.4995370370 0.0072916667 0.0129629630
2 0.7588541667 0.6064814815 0.0072916667 0.0129629630
2 0.6859375000 0.7393518519 0.0072916667 0.0129629630
2 0.6260416667 0.7407407407 0.0072916667 0.0129629630
2 0.5656250000 0.7412037037 0.0072916667 0.0129629630
2 0.4440104167 0.7421296296 0.0072916667 0.0129629630
2 0.3838541667 0.7412037037 0.0072916667 0.0129629630
2 0.3239583333 0.7402777778 0.0072916667 0.0129629630
