3 0.6393229167 0.4319444444 0.0078125000 0.0138888889
1 0.6213541667 0.4601851852 0.0093750000 0.0157407407
3 0.5989583333 0.4314814815 0.0083333333 0.0148148148
3 0.5583333333 0.4263888889 0.0078125000 0.0138888889
0 0.4979166667 0.4976851852 0.0098958333 0.0129629630
3 0.4979166667 0.5087962963 0.0098958333 0.0185185185
3 0.4630208333 0.4953703704 0.0104166667 0.0185185185
2 0.3994791667 0.4745370370 0.0072916667 0.0092592593
2 0.4276041667 0.4638888889 0.0072916667 0.0092592593
2 0.4536458333 0.4541666667 0.0072916667 0.0092592593
2 0.5010416667 0.4356481481 0.0072916667 0.0092592593
2 0.5226562500 0.4287037037 0.0072916667 0.0092592593
2 0.5429687500 0.4208333333 0.0072916667 0.0092592593
2 0.5994791667 0.4166666667 0.0072916667 0.0092592593
2 0.6276041667 0.4212962963 0.0072916667 0.0092592593
2 0.6572916667 0.4250000000 0.0072916667 0.0092592593
2 0.6747395833 0.4407407407 0.0072916667 0.0092592593
2 0.6572916667 0.4504629630 0.0072916667 0.0092592593
2 0.6382812500 0.4611111111 0.0072916667 0.0092592593
2 0.5953125000 0.4824074074 0.0072916667 0.0092592593
2 0.5710937500 0.4949074074 0.0072916667 0.0092592593
2 0.5442708333 0.5083333333 0.0072916667 0.0092592593
2 0.4627604167 0.5152777778 0.0072916667 0.0092592593
2 0.4289062500 0.5060185185 0.0072916667 0.0092592593
2 0.3973958333 0.4967592593 0.0072916667 0.0092592593
