3 0.5747395833 0.4842592593 0.0093750000 0.0185185185
3 0.5450520833 0.4759259259 0.0098958333 0.0175925926
0 0.5125000000 0.4597222222 0.0088541667 0.0166666667
1 0.3690104167 0.4356481481 0.0088541667 0.0157407407
4 0.3507812500 0.4407407407 0.0078125000 0.0092592593
4 0.3453125000 0.4375000000 0.0057291667 0.0092592593
3 0.3557291667 0.4402777778 0.0067708333 0.0129629630
2 0.4789062500 0.5078703704 0.0072916667 0.0092592593
2 0.4505208333 0.4953703704 0.0072916667 0.0092592593
2 0.4244791667 0.4824074074 0.0072916667 0.0092592593
2 0.3768229167 0.4611111111 0.0072916667 0.0092592593
2 0.3557291667 0.4513888889 0.0072916667 0.0092592593
2 0.3361979167 0.4425925926 0.0072916667 0.0092592593
2 0.3526041667 0.4226851852 0.0072916667 0.0092592593
2 0.4111979167 0.4097222222 0.0072916667 0.0092592593
2 0.4695312500 0.4101851852 0.0072916667 0.0092592593
2 0.4908854167 0.4185185185 0.0072916667 0.0092592593
2 0.5135416667 0.4259259259 0.0072916667 0.0092592593
2 0.5643229167 0.4430555556 0.0072916667 0.0092592593
2 0.5914062500 0.4523148148 0.0072916667 0.0092592593
2 0.6210937500 0.4620370370 0.0072916667 0.0092592593
2 0.6244791667 0.4875000000 0.0072916667 0.0092592593
2 0.5937500000 0.4990740741 0.0072916667 0.0092592593
2 0.5598958333 0.5097222222 0.0072916667 0.0092592593
